quadrat	X	Y	poids06	poids07	ANNEE	poids07_mai21	poids08_mai21	Poids07_juin21	Poids08_juin21
0103-2412	1.03e+08	2412	0	0	-	0	0	0	0
0119-2412	1.19e+08	2412	0	0	-	0	0	0	0
0119-2396	1.19e+08	2396	0	0	-	0	0	0	0
0119-2380	1.19e+08	2380	0	0	-	0	0	0	0
0119-2364	1.19e+08	2364	0	0	-	0	0	0	0
0119-2348	1.19e+08	2348	0	0	-	0	0	0	0
0135-2412	1.35e+08	2412	0	0	-	0	0	0	0
0135-2396	1.35e+08	2396	0	0	-	0	0	0	0
0135-2380	1.35e+08	2380	0	0	-	0	0	0	0
0135-2364	1.35e+08	2364	0	0	-	0	0	0	0
0151-2412	1.51e+08	2412	0	0	-	0	0	0	0
0151-2396	1.51e+08	2396	0	0	-	0	0	0	0
0151-2380	1.51e+08	2380	0	0	-	0	0	0	0
0151-2364	1.51e+08	2364	0	0	-	0	0	0	0
0151-2348	1.51e+08	2348	0	0	-	0	0	0	0
0167-2412	1.67e+08	2412	0	0	-	0	0	0	0
0167-2396	1.67e+08	2396	0	0	-	0	0	0	0
0167-2380	1.67e+08	2380	0	0	-	0	0	0	0
0167-2364	1.67e+08	2364	0	0	-	0	0	0	0
0167-2348	1.67e+08	2348	0	0	-	0	0	0	0
0167-2332	1.67e+08	2332	0	0	-	0	0	0	0
0183-2428	1.83e+08	2428	0	0	-	0	0	0	0
0183-2412	1.83e+08	2412	0	0	-	0	0	0	0
0183-2396	1.83e+08	2396	0	0	-	0	0	0	0
0183-2380	1.83e+08	2380	0	0	-	0	0	0	0
0183-2364	1.83e+08	2364	0	0	-	0	0	0	0
0183-2348	1.83e+08	2348	0	0	-	0	0	0	0
0183-2332	1.83e+08	2332	0	0	-	0	0	0	0
0199-2412	1.99e+08	2412	0	0	-	0	0	0	0
0199-2396	1.99e+08	2396	0	0	-	0	0	0	0
0199-2380	1.99e+08	2380	0	0	-	0	0	0	0
0199-2364	1.99e+08	2364	0	0	-	0	0	0	0
0199-2348	1.99e+08	2348	0	0	-	0	0	0	0
0199-2332	1.99e+08	2332	0	0	-	0	0	0	0
0199-2316	1.99e+08	2316	0	0	-	0	0	0	0
0215-2396	2.15e+08	2396	0	0	-	0	0	0	0
0215-2380	2.15e+08	2380	0	0	-	0	0	0	0
0215-2364	2.15e+08	2364	0	0	-	0	0	0	0
0215-2348	2.15e+08	2348	0	0	-	0	0	0	0
0215-2332	2.15e+08	2332	0	0	-	0	0	0	0
0215-2316	2.15e+08	2316	0	0	-	0	0	0	0
0231-2380	2.31e+08	2380	0	0	-	0	0	0	0
0231-2364	2.31e+08	2364	0	0	-	0	0	0	0
0231-2348	2.31e+08	2348	0	0	-	0	0	0	0
0231-2332	2.31e+08	2332	0	0	-	0	0	0	0
0231-2316	2.31e+08	2316	0	0	-	0	0	0	0
0231-2300	2.31e+08	2300	0	0	-	0	0	0	0
0247-2396	2.47e+08	2396	0	0	-	0	0	0	0
0247-2380	2.47e+08	2380	0	0	-	0	0	0	0
0247-2364	2.47e+08	2364	0	0	-	0	0	0	0
0247-2348	2.47e+08	2348	0	0	-	0	0	0	0
0247-2332	2.47e+08	2332	0	0	-	0	0	0	0
0247-2316	2.47e+08	2316	0	0	-	0	0	0	0
0247-2300	2.47e+08	2300	0	0	-	0	0	0	0
0263-2396	2.63e+08	2396	0	0	-	0	0	0	0
0263-2380	2.63e+08	2380	0	0	-	0	0	0	0
0263-2364	2.63e+08	2364	0	0	-	0	0	0	0
0263-2348	2.63e+08	2348	0	0	-	0	0	0	0
0263-2332	2.63e+08	2332	0	0	-	0	0	0	0
0263-2316	2.63e+08	2316	0	0	-	0	0	0	0
0263-2300	2.63e+08	2300	0	0	-	0	0	0	0
0263-2284	2.63e+08	2284	0	0	-	0	0	0	0
0279-2396	2.79e+08	2396	0	0	-	0	0	0	0
0279-2380	2.79e+08	2380	0	0	-	0	0	0	0
0279-2364	2.79e+08	2364	0	0	-	0	0	0	0
0279-2348	2.79e+08	2348	0	0	-	0	0	0	0
0279-2332	2.79e+08	2332	0	0	-	0	0	0	0
0279-2316	2.79e+08	2316	0	0	-	0	0	0	0
0279-2300	2.79e+08	2300	0	0	-	0	0	0	0
0279-2284	2.79e+08	2284	0	0	-	0	0	0	0
0279-2268	2.79e+08	2268	0	0	-	0	0	0	0
0279-2252	2.79e+08	2252	0	0	-	0	0	0	0
0279-2220	2.79e+08	2220	0	0	-	0	0	0	0
0279-2204	2.79e+08	2204	0	0	-	0	0	0	0
0295-2396	2.95e+08	2396	0	0	-	0	0	0	0
0295-2380	2.95e+08	2380	0	0	-	0	0	0	0
0295-2364	2.95e+08	2364	0	0	2017	0	0	0	0
0295-2348	2.95e+08	2348	0	0	-	0	0	0	0
0295-2332	2.95e+08	2332	0	0	-	0	0	0	0
0295-2316	2.95e+08	2316	0	0	-	0	0	0	0
0295-2300	2.95e+08	2300	0	0	-	0	0	0	0
0295-2284	2.95e+08	2284	0	0	-	0	0	0	0
0295-2268	2.95e+08	2268	0	0	-	0	0	0	0
0295-2252	2.95e+08	2252	0	0	-	0	0	0	0
0295-2236	2.95e+08	2236	0	0	-	0	0	0	0
0295-2220	2.95e+08	2220	0	0	-	0	0	0	0
0295-2204	2.95e+08	2204	0	0	-	0	0	0	0
0295-2188	2.95e+08	2188	0	0	-	0	0	0	0
0295-1836	2.95e+08	1836	0	0	-	0	0	0	0
0311-2508	3.11e+08	2508	0	0	2015	0	0	0	0
0311-2396	3.11e+08	2396	0	0	2016	0	0	0	0
0311-2380	3.11e+08	2380	0	0	2017	0	0	0	0
0311-2364	3.11e+08	2364	0	0	2017	0	0	0	0
0311-2348	3.11e+08	2348	0	0	2017	0	0	0	0
0311-2332	3.11e+08	2332	0	0	-	0	0	0	0
0311-2316	3.11e+08	2316	0	0	-	0	0	0	0
0311-2300	3.11e+08	2300	0	0	-	0	0	0	0
0311-2284	3.11e+08	2284	0	0	-	0	0	0	0
0311-2268	3.11e+08	2268	0	0	-	0	0	0	0
0311-2252	3.11e+08	2252	0	0	-	0	0	0	0
0311-2236	3.11e+08	2236	0	0	-	0	0	0	0
0311-2220	3.11e+08	2220	0	0	-	0	0	0	0
0311-2204	3.11e+08	2204	0	0	-	0	0	0	0
0311-2188	3.11e+08	2188	0	0	-	0	0	0	0
0311-2172	3.11e+08	2172	0	0	-	0	0	0	0
0311-1884	3.11e+08	1884	0	0	-	0	0	0	0
0311-1868	3.11e+08	1868	0	0	-	0	0	0	0
0311-1852	3.11e+08	1852	0	0	-	0	0	0	0
0311-1836	3.11e+08	1836	0	0	-	0	0	0	0
0311-1820	3.11e+08	1820	0	0	-	0	0	0	0
0327-2508	3.27e+08	2508	0	0	2013	0	0	0	0
0327-2492	3.27e+08	2492	0	0	2015	0	0	0	0
0327-2476	3.27e+08	2476	0	0	2013	0	0	0	0
0327-2460	3.27e+08	2460	0	0	2014	0	0	0	0
0327-2444	3.27e+08	2444	0	0	-	0	0	0	0
0327-2428	3.27e+08	2428	0	0	-	0	0	0	0
0327-2396	3.27e+08	2396	0	0	2016	0	0	0	0
0327-2380	3.27e+08	2380	0	0	2017	0	0	0	0
0327-2364	3.27e+08	2364	0	0	2017	0	0	0	0
0327-2348	3.27e+08	2348	0	0	-	0	0	0	0
0327-2332	3.27e+08	2332	0	0	-	0	0	0	0
0327-2316	3.27e+08	2316	0	0	-	0	0	0	0
0327-2300	3.27e+08	2300	0	0	-	0	0	0	0
0327-2284	3.27e+08	2284	0	0	-	0	0	0	0
0327-2268	3.27e+08	2268	0	0	2017	0	0	0	0
0327-2252	3.27e+08	2252	0	0	-	0	0	0	0
0327-2236	3.27e+08	2236	0	0	-	0	0	0	0
0327-2220	3.27e+08	2220	0	0	-	0	0	0	0
0327-2204	3.27e+08	2204	0	0	-	0	0	0	0
0327-2188	3.27e+08	2188	0	0	-	0	0	0	0
0327-2172	3.27e+08	2172	0	0	-	0	0	0	0
0327-1948	3.27e+08	1948	0	0	-	0	0	0	0
0327-1932	3.27e+08	1932	0	0	-	0	0	0	0
0327-1916	3.27e+08	1916	0	0	-	0	0	0	0
0327-1900	3.27e+08	1900	0	0	-	0	0	0	0
0327-1884	3.27e+08	1884	0	0	-	0	0	0	0
0327-1868	3.27e+08	1868	0	0	-	0	0	0	0
0327-1852	3.27e+08	1852	0	0	-	0	0	0	0
0327-1836	3.27e+08	1836	0	0	-	0	0	0	0
0327-1820	3.27e+08	1820	0	0	-	0	0	0	0
0327-1804	3.27e+08	1804	0	0	-	0	0	0	0
0343-2476	3.43e+08	2476	0	0	2014	0	0	0	0
0343-2460	3.43e+08	2460	0	0	2015	0	0	0	0
0343-2444	3.43e+08	2444	0	0	-	0	0	0	0
0343-2428	3.43e+08	2428	0	0	-	0	0	0	0
0343-2412	3.43e+08	2412	0	0	2014	0	0	0	0
0343-2396	3.43e+08	2396	0	0	-	0	0	0	0
0343-2380	3.43e+08	2380	0	0	-	0	0	0	0
0343-2364	3.43e+08	2364	0	0	-	0	0	0	0
0343-2348	3.43e+08	2348	0	0	-	0	0	0	0
0343-2332	3.43e+08	2332	0	0	2016	0	0	0	0
0343-2316	3.43e+08	2316	0	0	-	0	0	0	0
0343-2300	3.43e+08	2300	0	0	-	0	0	0	0
0343-2284	3.43e+08	2284	0	0	-	0	0	0	0
0343-2268	3.43e+08	2268	0	0	-	0	0	0	0
0343-2252	3.43e+08	2252	0	0	2017	0	0	0	0
0343-2236	3.43e+08	2236	0	0	-	0	0	0	0
0343-2220	3.43e+08	2220	0	0	-	0	0	0	0
0343-2204	3.43e+08	2204	0	0	-	0	0	0	0
0343-2188	3.43e+08	2188	0	0	-	0	0	0	0
0343-2172	3.43e+08	2172	0	0	-	0	0	0	0
0343-2156	3.43e+08	2156	0	0	-	0	0	0	0
0343-2140	3.43e+08	2140	0	0	-	0	0	0	0
0343-2092	3.43e+08	2092	0	0	-	0	0	0	0
0343-2028	3.43e+08	2028	0	0	-	0	0	0	0
0343-2012	3.43e+08	2012	0	0	-	0	0	0	0
0343-1996	3.43e+08	1996	0	0	-	0	0	0	0
0343-1980	3.43e+08	1980	0	0	-	0	0	0	0
0343-1964	3.43e+08	1964	0	0	-	0	0	0	0
0343-1948	3.43e+08	1948	0	0	-	0	0	0	0
0343-1932	3.43e+08	1932	0	0	-	0	0	0	0
0343-1916	3.43e+08	1916	0	0	-	0	0	0	0
0343-1900	3.43e+08	1900	0	0	-	0	0	0	0
0343-1884	3.43e+08	1884	0	0	-	0	0	0	0
0343-1868	3.43e+08	1868	0	0	-	0	0	0	0
0343-1852	3.43e+08	1852	0	0	-	0	0	0	0
0343-1836	3.43e+08	1836	0	0	-	0	0	0	0
0343-1820	3.43e+08	1820	0	0	-	0	0	0	0
0343-1804	3.43e+08	1804	0	0	-	0	0	0	0
0343-1788	3.43e+08	1788	0	0	-	0	0	0	0
0359-2476	3.59e+08	2476	0	0	2014	0	0	0	0
0359-2460	3.59e+08	2460	0	0	2016	0	0	0	0
0359-2444	3.59e+08	2444	0	0	-	0	0	0	0
0359-2428	3.59e+08	2428	0	0	2016	0	0	0	0
0359-2412	3.59e+08	2412	0	0	-	0	0	0	0
0359-2396	3.59e+08	2396	0	0	2016	0	0	0	0
0359-2380	3.59e+08	2380	0	0	-	0	0	0	0
0359-2364	3.59e+08	2364	0	0	-	0	0	0	0
0359-2348	3.59e+08	2348	0	0	2017	0	0	0	0
0359-2332	3.59e+08	2332	0	0	2017	0	0	0	0
0359-2316	3.59e+08	2316	0	0	-	0	0	0	0
0359-2300	3.59e+08	2300	0	0	-	0	0	0	0
0359-2284	3.59e+08	2284	0	0	-	0	0	0	0
0359-2268	3.59e+08	2268	0	0	-	0	0	0	0
0359-2252	3.59e+08	2252	0	0	-	0	0	0	0
0359-2236	3.59e+08	2236	0	0	-	0	0	0	0
0359-2220	3.59e+08	2220	0	0	2018	0	0	0	0
0359-2204	3.59e+08	2204	0	0	-	0	0	0	0
0359-2188	3.59e+08	2188	0	0	-	0	0	0	0
0359-2172	3.59e+08	2172	0	0	-	0	0	0	0
0359-2156	3.59e+08	2156	0	0	2017	0	0	0	0
0359-2140	3.59e+08	2140	0	0	-	0	0	0	0
0359-2124	3.59e+08	2124	0	0	-	0	0	0	0
0359-2108	3.59e+08	2108	0	0	-	0	0	0	0
0359-2092	3.59e+08	2092	0	0	-	0	0	0	0
0359-2076	3.59e+08	2076	0	0	-	0	0	0	0
0359-1996	3.59e+08	1996	0	0	-	0	0	0	0
0359-1980	3.59e+08	1980	0	0	-	0	0	0	0
0359-1964	3.59e+08	1964	0	0	-	0	0	0	0
0359-1948	3.59e+08	1948	0	0	-	0	0	0	0
0359-1932	3.59e+08	1932	0	0	-	0	0	0	0
0359-1916	3.59e+08	1916	0	0	-	0	0	0	0
0359-1900	3.59e+08	1900	0	0	-	0	0	0	0
0359-1884	3.59e+08	1884	0	0	-	0	0	0	0
0359-1868	3.59e+08	1868	0	0	-	0	0	0	0
0359-1852	3.59e+08	1852	0	0	-	0	0	0	0
0359-1836	3.59e+08	1836	0	0	-	0	0	0	0
0359-1820	3.59e+08	1820	0	0	-	0	0	0	0
0359-1804	3.59e+08	1804	0	0	-	0	0	0	0
0359-1788	3.59e+08	1788	0	0	-	0	0	0	0
0375-2476	3.75e+08	2476	0	0	2013	0	0	0	0
0375-2460	3.75e+08	2460	0	0	-	0	0	0	0
0375-2444	3.75e+08	2444	0	0	-	0	0	0	0
0375-2428	3.75e+08	2428	0	0	2015	0	0	0	0
0375-2412	3.75e+08	2412	0	0	2016	0	0	0	0
0375-2396	3.75e+08	2396	0	0	2016	0	0	0	0
0375-2380	3.75e+08	2380	0	0	2016	0	0	0	0
0375-2364	3.75e+08	2364	0	0	-	0	0	0	0
0375-2348	3.75e+08	2348	0	0	-	0	0	0	0
0375-2332	3.75e+08	2332	0	0	-	0	0	0	0
0375-2316	3.75e+08	2316	0	0	-	0	0	0	0
0375-2300	3.75e+08	2300	0	0	-	0	0	0	0
0375-2284	3.75e+08	2284	0	0	-	0	0	0	0
0375-2268	3.75e+08	2268	0	0	2017	0	0	0	0
0375-2252	3.75e+08	2252	0	0	-	0	0	0	0
0375-2236	3.75e+08	2236	0	0	-	0	0	0	0
0375-2220	3.75e+08	2220	0	0	-	0	0	0	0
0375-2204	3.75e+08	2204	0	0	-	0	0	0	0
0375-2188	3.75e+08	2188	0	0	-	0	0	0	0
0375-2172	3.75e+08	2172	0	0	-	0	0	0	0
0375-2156	3.75e+08	2156	0	0	2017	0	0	0	0
0375-2140	3.75e+08	2140	0	0	-	0	0	0	0
0375-2124	3.75e+08	2124	0	0	-	0	0	0	0
0375-2108	3.75e+08	2108	0	0	-	0	0	0	0
0375-2092	3.75e+08	2092	0	0	-	0	0	0	0
0375-2076	3.75e+08	2076	0	0	2015	0	0	0	0
0375-2060	3.75e+08	2060	0	0	2016	0	0	0	0
0375-2044	3.75e+08	2044	0	0	-	0	0	0	0
0375-2028	3.75e+08	2028	0	0	-	0	0	0	0
0375-2012	3.75e+08	2012	0	0	-	0	0	0	0
0375-1996	3.75e+08	1996	0	0	2017	0	0	0	0
0375-1980	3.75e+08	1980	0	0	-	0	0	0	0
0375-1964	3.75e+08	1964	0	0	-	0	0	0	0
0375-1948	3.75e+08	1948	0	0	-	0	0	0	0
0375-1932	3.75e+08	1932	0	0	-	0	0	0	0
0375-1916	3.75e+08	1916	0	0	-	0	0	0	0
0375-1900	3.75e+08	1900	0	0	-	0	0	0	0
0375-1884	3.75e+08	1884	0	0	-	0	0	0	0
0375-1868	3.75e+08	1868	0	0	-	0	0	0	0
0375-1852	3.75e+08	1852	0	0	-	0	0	0	0
0375-1836	3.75e+08	1836	0	0	-	0	0	0	0
0375-1820	3.75e+08	1820	0	0	-	0	0	0	0
0375-1772	3.75e+08	1772	0	0	-	0	0	0	0
0391-2476	3.91e+08	2476	0	0	2016	0	0	0	0
0391-2460	3.91e+08	2460	0	0	2016	0	0	0	0
0391-2444	3.91e+08	2444	0	0	2015	0	0	0	0
0391-2428	3.91e+08	2428	0	0	2015	0	0	0	0
0391-2412	3.91e+08	2412	0	0	2016	0	0	0	0
0391-2396	3.91e+08	2396	0	0	-	0	0	0	0
0391-2380	3.91e+08	2380	0	0	2016	0	0	0	0
0391-2364	3.91e+08	2364	0	0	2016	0	0	0	0
0391-2348	3.91e+08	2348	0	0	-	0	0	0	0
0391-2332	3.91e+08	2332	0	0	2015	0	0	0	0
0391-2316	3.91e+08	2316	0	0	-	0	0	0	0
0391-2300	3.91e+08	2300	0	0	2017	0	0	0	0
0391-2284	3.91e+08	2284	0	0	2017	0	0	0	0
0391-2268	3.91e+08	2268	0	0	2016	0	0	0	0
0391-2252	3.91e+08	2252	0	0	-	0	0	0	0
0391-2236	3.91e+08	2236	0	0	-	0	0	0	0
0391-2220	3.91e+08	2220	0	0	-	0	0	0	0
0391-2204	3.91e+08	2204	0	0	-	0	0	0	0
0391-2188	3.91e+08	2188	0	0	-	0	0	0	0
0391-2172	3.91e+08	2172	0	0	-	0	0	0	0
0391-2156	3.91e+08	2156	0	0	-	0	0	0	0
0391-2140	3.91e+08	2140	0	0	-	0	0	0	0
0391-2124	3.91e+08	2124	0	0	2016	0	0	0	0
0391-2108	3.91e+08	2108	0	0	-	0	0	0	0
0391-2092	3.91e+08	2092	0	0	2015	0	0	0	0
0391-2076	3.91e+08	2076	0	0	2015	0	0	0	0
0391-2060	3.91e+08	2060	0	0	2016	0	0	0	0
0391-2044	3.91e+08	2044	0	0	2016	0	0	0	0
0391-2028	3.91e+08	2028	0	0	-	0	0	0	0
0391-2012	3.91e+08	2012	0	0	-	0	0	0	0
0391-1996	3.91e+08	1996	0	0	-	0	0	0	0
0391-1980	3.91e+08	1980	0	0	-	0	0	0	0
0391-1964	3.91e+08	1964	0	0	-	0	0	0	0
0391-1948	3.91e+08	1948	0	0	-	0	0	0	0
0391-1932	3.91e+08	1932	0	0	-	0	0	0	0
0391-1916	3.91e+08	1916	0	0	-	0	0	0	0
0391-1900	3.91e+08	1900	0	0	-	0	0	0	0
0391-1884	3.91e+08	1884	0	0	-	0	0	0	0
0391-1868	3.91e+08	1868	0	0	-	0	0	0	0
0391-1852	3.91e+08	1852	0	0	-	0	0	0	0
0391-1836	3.91e+08	1836	0	0	-	0	0	0	0
0391-1820	3.91e+08	1820	0	0	-	0	0	0	0
0391-1804	3.91e+08	1804	0	0	-	0	0	0	0
0391-1788	3.91e+08	1788	0	0	-	0	0	0	0
0391-1772	3.91e+08	1772	0	0	-	0	0	0	0
0407-2460	4.07e+08	2460	0	0	2015	0	0	0	0
0407-2444	4.07e+08	2444	0	0	2016	0	0	0	0
0407-2428	4.07e+08	2428	0	0	2015	0	0	0	0
0407-2412	4.07e+08	2412	0	0	2015	0	0	0	0
0407-2396	4.07e+08	2396	0	0	2015	0	0	0	0
0407-2380	4.07e+08	2380	0	0	-	0	0	0	0
0407-2364	4.07e+08	2364	0	0	-	0	0	0	0
0407-2348	4.07e+08	2348	0	0	2016	0	0	0	0
0407-2332	4.07e+08	2332	0	0	-	0	0	0	0
0407-2316	4.07e+08	2316	0	0	-	0	0	0	0
0407-2300	4.07e+08	2300	0	0	-	0	0	0	0
0407-2284	4.07e+08	2284	0	0	-	0	0	0	0
0407-2268	4.07e+08	2268	0	0	-	0	0	0	0
0407-2252	4.07e+08	2252	0	0	2016	0	0	0	0
0407-2236	4.07e+08	2236	0	0	-	0	0	0	0
0407-2220	4.07e+08	2220	0	0	-	0	0	0	0
0407-2204	4.07e+08	2204	0	0	-	0	0	0	0
0407-2188	4.07e+08	2188	0	0	-	0	0	0	0
0407-2172	4.07e+08	2172	0	0	2016	0	0	0	0
0407-2156	4.07e+08	2156	0	0	-	0	0	0	0
0407-2140	4.07e+08	2140	0	0	-	0	0	0	0
0407-2124	4.07e+08	2124	0	0	-	0	0	0	0
0407-2108	4.07e+08	2108	0	0	-	0	0	0	0
0407-2092	4.07e+08	2092	0	0	-	0	0	0	0
0407-2076	4.07e+08	2076	0	0	2015	0	0	0	0
0407-2060	4.07e+08	2060	0	0	2016	0	0	0	0
0407-2044	4.07e+08	2044	0	0	-	0	0	0	0
0407-2028	4.07e+08	2028	0	0	2017	0	0	0	0
0407-2012	4.07e+08	2012	0	0	-	0	0	0	0
0407-1996	4.07e+08	1996	0	0	-	0	0	0	0
0407-1980	4.07e+08	1980	0	0	-	0	0	0	0
0407-1964	4.07e+08	1964	0	0	-	0	0	0	0
0407-1948	4.07e+08	1948	0	0	-	0	0	0	0
0407-1932	4.07e+08	1932	0	0	-	0	0	0	0
0407-1916	4.07e+08	1916	0	0	-	0	0	0	0
0407-1900	4.07e+08	1900	0	0	-	0	0	0	0
0407-1884	4.07e+08	1884	0	0	-	0	0	0	0
0407-1868	4.07e+08	1868	0	0	-	0	0	0	0
0407-1852	4.07e+08	1852	0	0	-	0	0	0	0
0407-1836	4.07e+08	1836	0	0	-	0	0	0	0
0407-1820	4.07e+08	1820	0	0	-	0	0	0	0
0407-1804	4.07e+08	1804	0	0	-	0	0	0	0
0407-1788	4.07e+08	1788	0	0	-	0	0	0	0
0407-1772	4.07e+08	1772	0	0	-	0	0	0	0
0423-2460	4.23e+08	2460	0	0	2014	0	0	0	0
0423-2444	4.23e+08	2444	0	0	2016	0	0	0	0
0423-2428	4.23e+08	2428	0	0	2015	0	0	0	0
0423-2412	4.23e+08	2412	0	0	2015	0	0	0	0
0423-2396	4.23e+08	2396	0	0	2015	0	0	0	0
0423-2380	4.23e+08	2380	0	0	2015	0	0	0	0
0423-2364	4.23e+08	2364	0	0	2015	0	0	0	0
0423-2348	4.23e+08	2348	0	0	-	0	0	0	0
0423-2332	4.23e+08	2332	0	0	2015	0	0	0	0
0423-2316	4.23e+08	2316	0	0	-	0	0	0	0
0423-2300	4.23e+08	2300	0	0	2016	0	0	0	0
0423-2284	4.23e+08	2284	0	0	-	0	0	0	0
0423-2268	4.23e+08	2268	0	0	2017	0	0	0	0
0423-2252	4.23e+08	2252	0	0	2016	0	0	0	0
0423-2236	4.23e+08	2236	0	0	-	0	0	0	0
0423-2220	4.23e+08	2220	0	0	-	0	0	0	0
0423-2204	4.23e+08	2204	0	0	-	0	0	0	0
0423-2188	4.23e+08	2188	0	0	-	0	0	0	0
0423-2172	4.23e+08	2172	0	0	-	0	0	0	0
0423-2156	4.23e+08	2156	0	0	-	0	0	0	0
0423-2140	4.23e+08	2140	0	0	2016	0	0	0	0
0423-2124	4.23e+08	2124	0	0	-	0	0	0	0
0423-2108	4.23e+08	2108	0	0	2017	0	0	0	0
0423-2092	4.23e+08	2092	0	0	2016	0	0	0	0
0423-2076	4.23e+08	2076	0	0	2015	0	0	0	0
0423-2060	4.23e+08	2060	0	0	2017	0	0	0	0
0423-2044	4.23e+08	2044	0	0	-	0	0	0	0
0423-2028	4.23e+08	2028	0	0	-	0	0	0	0
0423-2012	4.23e+08	2012	0	0	-	0	0	0	0
0423-1996	4.23e+08	1996	0	0	-	0	0	0	0
0423-1980	4.23e+08	1980	0	0	-	0	0	0	0
0423-1964	4.23e+08	1964	0	0	-	0	0	0	0
0423-1948	4.23e+08	1948	0	0	-	0	0	0	0
0423-1932	4.23e+08	1932	0	0	-	0	0	0	0
0423-1916	4.23e+08	1916	0	0	-	0	0	0	0
0423-1900	4.23e+08	1900	0	0	-	0	0	0	0
0423-1884	4.23e+08	1884	0	0	-	0	0	0	0
0423-1868	4.23e+08	1868	0	0	-	0	0	0	0
0423-1852	4.23e+08	1852	0	0	-	0	0	0	0
0423-1836	4.23e+08	1836	0	0	-	0	0	0	0
0423-1820	4.23e+08	1820	0	0	-	0	0	0	0
0423-1804	4.23e+08	1804	0	0	-	0	0	0	0
0423-1788	4.23e+08	1788	0	0	-	0	0	0	0
0423-1772	4.23e+08	1772	0	0	-	0	0	0	0
0439-2476	4.39e+08	2476	0	0	2013	0	0	0	0
0439-2460	4.39e+08	2460	0	0	2015	0	0	0	0
0439-2444	4.39e+08	2444	0	0	2016	0	0	0	0
0439-2428	4.39e+08	2428	0	0	2014	0	0	0	0
0439-2412	4.39e+08	2412	0	0	2015	0	0	0	0
0439-2396	4.39e+08	2396	0	0	2015	0	0	0	0
0439-2380	4.39e+08	2380	0	0	2015	0	0	0	0
0439-2364	4.39e+08	2364	0	0	2016	0	0	0	0
0439-2348	4.39e+08	2348	0	0	-	0	0	0	0
0439-2332	4.39e+08	2332	0	0	2016	0	0	0	0
0439-2316	4.39e+08	2316	0	0	2016	0	0	0	0
0439-2300	4.39e+08	2300	0	0	-	0	0	0	0
0439-2284	4.39e+08	2284	0	0	-	0	0	0	0
0439-2268	4.39e+08	2268	0	0	2016	0	0	0	0
0439-2252	4.39e+08	2252	0	0	-	0	0	0	0
0439-2236	4.39e+08	2236	0	0	-	0	0	0	0
0439-2220	4.39e+08	2220	0	0	-	0	0	0	0
0439-2204	4.39e+08	2204	0	0	-	0	0	0	0
0439-2188	4.39e+08	2188	0	0	2017	0	0	0	0
0439-2172	4.39e+08	2172	0	0	2016	0	0	0	0
0439-2156	4.39e+08	2156	0	0	2016	0	0	0	0
0439-2140	4.39e+08	2140	0	0	-	0	0	0	0
0439-2124	4.39e+08	2124	0	0	-	0	0	0	0
0439-2108	4.39e+08	2108	0	0	2015	0	0	0	0
0439-2092	4.39e+08	2092	0	0	-	0	0	0	0
0439-2076	4.39e+08	2076	0	0	-	0	0	0	0
0439-2060	4.39e+08	2060	0	0	-	0	0	0	0
0439-2044	4.39e+08	2044	0	0	-	0	0	0	0
0439-2028	4.39e+08	2028	0	0	-	0	0	0	0
0439-2012	4.39e+08	2012	0	0	-	0	0	0	0
0439-1996	4.39e+08	1996	0	0	-	0	0	0	0
0439-1980	4.39e+08	1980	0	0	-	0	0	0	0
0439-1964	4.39e+08	1964	0	0	-	0	0	0	0
0439-1948	4.39e+08	1948	0	0	-	0	0	0	0
0439-1932	4.39e+08	1932	0	0	-	0	0	0	0
0439-1916	4.39e+08	1916	0	0	-	0	0	0	0
0439-1900	4.39e+08	1900	0	0	-	0	0	0	0
0439-1884	4.39e+08	1884	0	0	-	0	0	0	0
0439-1868	4.39e+08	1868	0	0	-	0	0	0	0
0439-1852	4.39e+08	1852	0	0	-	0	0	0	0
0439-1836	4.39e+08	1836	0	0	-	0	0	0	0
0439-1820	4.39e+08	1820	0	0	-	0	0	0	0
0439-1804	4.39e+08	1804	0	0	-	0	0	0	0
0439-1788	4.39e+08	1788	0	0	-	0	0	0	0
0439-1772	4.39e+08	1772	0	0	-	0	0	0	0
0455-2508	4.55e+08	2508	0	0	2013	0	0	0	0
0455-2476	4.55e+08	2476	0	0	2013	0	0	0	0
0455-2460	4.55e+08	2460	0	0	2014	0	0	0	0
0455-2444	4.55e+08	2444	0	0	2015	0	0	0	0
0455-2428	4.55e+08	2428	0	0	2015	0	0	0	0
0455-2412	4.55e+08	2412	0	0	2014	0	0	0	0
0455-2396	4.55e+08	2396	0	0	2012	0	0	0	0
0455-2380	4.55e+08	2380	0	0	2015	0	0	0	0
0455-2364	4.55e+08	2364	0	0	2016	0	0	0	0
0455-2348	4.55e+08	2348	0	0	-	0	0	0	0
0455-2332	4.55e+08	2332	0	0	2016	0	0	0	0
0455-2316	4.55e+08	2316	0	0	-	0	0	0	0
0455-2300	4.55e+08	2300	0	0	2016	0	0	0	0
0455-2284	4.55e+08	2284	0	0	-	0	0	0	0
0455-2268	4.55e+08	2268	0	0	-	0	0	0	0
0455-2252	4.55e+08	2252	0	0	2016	0	0	0	0
0455-2236	4.55e+08	2236	0	0	-	0	0	0	0
0455-2220	4.55e+08	2220	0	0	-	0	0	0	0
0455-2204	4.55e+08	2204	0	0	-	0	0	0	0
0455-2188	4.55e+08	2188	0	0	2016	0	0	0	0
0455-2172	4.55e+08	2172	0	0	2017	0	0	0	0
0455-2156	4.55e+08	2156	0	0	-	0	0	0	0
0455-2140	4.55e+08	2140	0	0	2016	0	0	0	0
0455-2124	4.55e+08	2124	0	0	-	0	0	0	0
0455-2108	4.55e+08	2108	0	0	2016	0	0	0	0
0455-2092	4.55e+08	2092	0	0	2017	0	0	0	0
0455-2076	4.55e+08	2076	0	0	-	0	0	0	0
0455-2060	4.55e+08	2060	0	0	-	0	0	0	0
0455-2044	4.55e+08	2044	0	0	-	0	0	0	0
0455-2028	4.55e+08	2028	0	0	-	0	0	0	0
0455-2012	4.55e+08	2012	0	0	-	0	0	0	0
0455-1996	4.55e+08	1996	0	0	-	0	0	0	0
0455-1980	4.55e+08	1980	0	0	-	0	0	0	0
0455-1964	4.55e+08	1964	0	0	-	0	0	0	0
0455-1948	4.55e+08	1948	0	0	-	0	0	0	0
0455-1932	4.55e+08	1932	0	0	-	0	0	0	0
0455-1916	4.55e+08	1916	0	0	-	0	0	0	0
0455-1900	4.55e+08	1900	0	0	-	0	0	0	0
0455-1884	4.55e+08	1884	0	0	-	0	0	0	0
0455-1868	4.55e+08	1868	0	0	-	0	0	0	0
0455-1852	4.55e+08	1852	0	0	-	0	0	0	0
0455-1836	4.55e+08	1836	0	0	-	0	0	0	0
0455-1820	4.55e+08	1820	0	0	-	0	0	0	0
0455-1804	4.55e+08	1804	0	0	-	0	0	0	0
0455-1788	4.55e+08	1788	0	0	-	0	0	0	0
0455-1772	4.55e+08	1772	0	0	-	0	0	0	0
0471-2524	4.71e+08	2524	0	0	2013	0	0	0	0
0471-2508	4.71e+08	2508	0	0	2012	0	0	0	0
0471-2492	4.71e+08	2492	0	0	2012	0	0	0	0
0471-2476	4.71e+08	2476	0	0	2014	0	0	0	0
0471-2460	4.71e+08	2460	0	0	2014	0	0	0	0
0471-2444	4.71e+08	2444	0	0	2015	0	0	0	0
0471-2428	4.71e+08	2428	0	0	2014	0	0	0	0
0471-2412	4.71e+08	2412	0	0	2014	0	0	0	0
0471-2396	4.71e+08	2396	0	0	-	0	0	0	0
0471-2380	4.71e+08	2380	0	0	2014	0	0	0	0
0471-2364	4.71e+08	2364	0	0	2016	0	0	0	0
0471-2348	4.71e+08	2348	0	0	2015	0	0	0	0
0471-2332	4.71e+08	2332	0	0	-	0	0	0	0
0471-2316	4.71e+08	2316	0	0	-	0	0	0	0
0471-2300	4.71e+08	2300	0	0	-	0	0	0	0
0471-2284	4.71e+08	2284	0	0	-	0	0	0	0
0471-2268	4.71e+08	2268	0	0	-	0	0	0	0
0471-2252	4.71e+08	2252	0	0	-	0	0	0	0
0471-2236	4.71e+08	2236	0	0	-	0	0	0	0
0471-2220	4.71e+08	2220	0	0	-	0	0	0	0
0471-2204	4.71e+08	2204	0	0	-	0	0	0	0
0471-2188	4.71e+08	2188	0	0	2016	0	0	0	0
0471-2172	4.71e+08	2172	0	0	2017	0	0	0	0
0471-2156	4.71e+08	2156	0	0	2017	0	0	0	0
0471-2140	4.71e+08	2140	0	0	-	0	0	0	0
0471-2124	4.71e+08	2124	0	0	-	0	0	0	0
0471-2108	4.71e+08	2108	0	0	-	0	0	0	0
0471-2092	4.71e+08	2092	0	0	-	0	0	0	0
0471-2076	4.71e+08	2076	0	0	-	0	0	0	0
0471-2060	4.71e+08	2060	0	0	2016	0	0	0	0
0471-2044	4.71e+08	2044	0	0	-	0	0	0	0
0471-2028	4.71e+08	2028	0	0	-	0	0	0	0
0471-2012	4.71e+08	2012	0	0	-	0	0	0	0
0471-1996	4.71e+08	1996	0	0	-	0	0	0	0
0471-1980	4.71e+08	1980	0	0	-	0	0	0	0
0471-1964	4.71e+08	1964	0	0	-	0	0	0	0
0471-1948	4.71e+08	1948	0	0	-	0	0	0	0
0471-1932	4.71e+08	1932	0	0	-	0	0	0	0
0471-1916	4.71e+08	1916	0	0	-	0	0	0	0
0471-1900	4.71e+08	1900	0	0	-	0	0	0	0
0471-1884	4.71e+08	1884	0	0	-	0	0	0	0
0471-1868	4.71e+08	1868	0	0	-	0	0	0	0
0471-1852	4.71e+08	1852	0	0	-	0	0	0	0
0471-1836	4.71e+08	1836	0	0	-	0	0	0	0
0471-1820	4.71e+08	1820	0	0	-	0	0	0	0
0471-1804	4.71e+08	1804	0	0	-	0	0	0	0
0471-1788	4.71e+08	1788	0	0	-	0	0	0	0
0471-1772	4.71e+08	1772	0	0	-	0	0	0	0
0487-2524	4.87e+08	2524	0	0	2013	0	0	0	0
0487-2508	4.87e+08	2508	0	0	2012	0	0	0	0
0487-2492	4.87e+08	2492	0	0	2012	0	0	0	0
0487-2476	4.87e+08	2476	0	0	2013	0	0	0	0
0487-2460	4.87e+08	2460	0	0	2014	0	0	0	0
0487-2444	4.87e+08	2444	0	0	2014	0	0	0	0
0487-2428	4.87e+08	2428	0	0	2014	0	0	0	0
0487-2412	4.87e+08	2412	0	0	2014	0	0	0	0
0487-2396	4.87e+08	2396	0	0	2014	0	0	0	0
0487-2380	4.87e+08	2380	0	0	2015	0	0	0	0
0487-2364	4.87e+08	2364	0	0	2016	0	0	0	0
0487-2348	4.87e+08	2348	0	0	-	0	0	0	0
0487-2332	4.87e+08	2332	0	0	2015	0	0	0	0
0487-2316	4.87e+08	2316	0	0	2015	0	0	0	0
0487-2300	4.87e+08	2300	0	0	-	0	0	0	0
0487-2284	4.87e+08	2284	0	0	-	0	0	0	0
0487-2268	4.87e+08	2268	0	0	-	0	0	0	0
0487-2252	4.87e+08	2252	0	0	2016	0	0	0	0
0487-2236	4.87e+08	2236	0	0	-	0	0	0	0
0487-2220	4.87e+08	2220	0	0	-	0	0	0	0
0487-2204	4.87e+08	2204	0	0	-	0	0	0	0
0487-2188	4.87e+08	2188	0	0	2017	0	0	0	0
0487-2172	4.87e+08	2172	0	0	2017	0	0	0	0
0487-2156	4.87e+08	2156	0	0	-	0	0	0	0
0487-2140	4.87e+08	2140	0	0	2016	0	0	0	0
0487-2124	4.87e+08	2124	0	0	-	0	0	0	0
0487-2108	4.87e+08	2108	0	0	2016	0	0	0	0
0487-2092	4.87e+08	2092	0	0	-	0	0	0	0
0487-2076	4.87e+08	2076	0	0	2017	0	0	0	0
0487-2060	4.87e+08	2060	0	0	-	0	0	0	0
0487-2044	4.87e+08	2044	0	0	-	0	0	0	0
0487-2028	4.87e+08	2028	0	0	-	0	0	0	0
0487-2012	4.87e+08	2012	0	0	-	0	0	0	0
0487-1996	4.87e+08	1996	0	0	-	0	0	0	0
0487-1980	4.87e+08	1980	0	0	-	0	0	0	0
0487-1964	4.87e+08	1964	0	0	-	0	0	0	0
0487-1948	4.87e+08	1948	0	0	-	0	0	0	0
0487-1932	4.87e+08	1932	0	0	-	0	0	0	0
0487-1916	4.87e+08	1916	0	0	-	0	0	0	0
0487-1900	4.87e+08	1900	0	0	-	0	0	0	0
0487-1884	4.87e+08	1884	0	0	-	0	0	0	0
0487-1868	4.87e+08	1868	0	0	-	0	0	0	0
0487-1852	4.87e+08	1852	0	0	-	0	0	0	0
0487-1836	4.87e+08	1836	0	0	-	0	0	0	0
0487-1820	4.87e+08	1820	0	0	-	0	0	0	0
0487-1804	4.87e+08	1804	0	0	-	0	0	0	0
0487-1788	4.87e+08	1788	0	0	-	0	0	0	0
0487-1772	4.87e+08	1772	0	0	-	0	0	0	0
0503-2524	5.03e+08	2524	0	0	2012	0	0	0	0
0503-2508	5.03e+08	2508	0	0	2011	0	0	0	0
0503-2492	5.03e+08	2492	0	0	2012	0	0	0	0
0503-2476	5.03e+08	2476	0	0	2013	0	0	0	0
0503-2460	5.03e+08	2460	0	0	2013	0	0	0	0
0503-2444	5.03e+08	2444	0	0	2013	0	0	0	0
0503-2428	5.03e+08	2428	0	0	2014	0	0	0	0
0503-2412	5.03e+08	2412	0	0	-	0	0	0	0
0503-2396	5.03e+08	2396	0	0	2014	0	0	0	0
0503-2380	5.03e+08	2380	0	0	2015	0	0	0	0
0503-2364	5.03e+08	2364	0	0	2016	0	0	0	0
0503-2348	5.03e+08	2348	0	0	-	0	0	0	0
0503-2332	5.03e+08	2332	0	0	2016	0	0	0	0
0503-2316	5.03e+08	2316	0	0	2016	0	0	0	0
0503-2300	5.03e+08	2300	0	0	-	0	0	0	0
0503-2284	5.03e+08	2284	0	0	2016	0	0	0	0
0503-2268	5.03e+08	2268	0	0	2016	0	0	0	0
0503-2252	5.03e+08	2252	0	0	-	0	0	0	0
0503-2236	5.03e+08	2236	0	0	-	0	0	0	0
0503-2220	5.03e+08	2220	0	0	-	0	0	0	0
0503-2204	5.03e+08	2204	0	0	-	0	0	0	0
0503-2188	5.03e+08	2188	0	0	-	0	0	0	0
0503-2172	5.03e+08	2172	0	0	-	0	0	0	0
0503-2156	5.03e+08	2156	0	0	-	0	0	0	0
0503-2140	5.03e+08	2140	0	0	2016	0	0	0	0
0503-2124	5.03e+08	2124	0	0	2017	0	0	0	0
0503-2108	5.03e+08	2108	0	0	2016	0	0	0	0
0503-2092	5.03e+08	2092	0	0	-	0	0	0	0
0503-2076	5.03e+08	2076	0	0	-	0	0	0	0
0503-2060	5.03e+08	2060	0	0	-	0	0	0	0
0503-2044	5.03e+08	2044	0	0	-	0	0	0	0
0503-2028	5.03e+08	2028	0	0	-	0	0	0	0
0503-2012	5.03e+08	2012	0	0	-	0	0	0	0
0503-1996	5.03e+08	1996	0	0	-	0	0	0	0
0503-1980	5.03e+08	1980	0	0	-	0	0	0	0
0503-1964	5.03e+08	1964	0	0	-	0	0	0	0
0503-1948	5.03e+08	1948	0	0	-	0	0	0	0
0503-1932	5.03e+08	1932	0	0	-	0	0	0	0
0503-1916	5.03e+08	1916	0	0	-	0	0	0	0
0503-1900	5.03e+08	1900	0	0	-	0	0	0	0
0503-1884	5.03e+08	1884	0	0	-	0	0	0	0
0503-1868	5.03e+08	1868	0	0	-	0	0	0	0
0503-1852	5.03e+08	1852	0	0	-	0	0	0	0
0503-1836	5.03e+08	1836	0	0	-	0	0	0	0
0503-1820	5.03e+08	1820	0	0	-	0	0	0	0
0503-1804	5.03e+08	1804	0	0	-	0	0	0	0
0503-1788	5.03e+08	1788	0	0	-	0	0	0	0
0503-1772	5.03e+08	1772	0	0	-	0	0	0	0
0519-2540	5.19e+08	2540	0	0	2011	0	0	0	0
0519-2524	5.19e+08	2524	0	0	2012	0	0	0	0
0519-2508	5.19e+08	2508	0	0	2011	0	0	0	0
0519-2492	5.19e+08	2492	0	0	2012	0	0	0	0
0519-2476	5.19e+08	2476	0	0	2013	0	0	0	0
0519-2460	5.19e+08	2460	0	0	2013	0	0	0	0
0519-2444	5.19e+08	2444	0	0	2012	0	0	0	0
0519-2428	5.19e+08	2428	0	0	2014	0	0	0	0
0519-2412	5.19e+08	2412	0	0	-	0	0	0	0
0519-2396	5.19e+08	2396	0	0	-	0	0	0	0
0519-2380	5.19e+08	2380	0	0	-	0	0	0	0
0519-2364	5.19e+08	2364	0	0	-	0	0	0	0
0519-2348	5.19e+08	2348	0	0	-	0	0	0	0
0519-2332	5.19e+08	2332	0	0	2015	0	0	0	0
0519-2316	5.19e+08	2316	0	0	-	0	0	0	0
0519-2300	5.19e+08	2300	0	0	2015	0	0	0	0
0519-2284	5.19e+08	2284	0	0	2016	0	0	0	0
0519-2268	5.19e+08	2268	0	0	2016	0	0	0	0
0519-2252	5.19e+08	2252	0	0	-	0	0	0	0
0519-2236	5.19e+08	2236	0	0	-	0	0	0	0
0519-2220	5.19e+08	2220	0	0	2016	0	0	0	0
0519-2204	5.19e+08	2204	0	0	-	0	0	0	0
0519-2188	5.19e+08	2188	0	0	-	0	0	0	0
0519-2172	5.19e+08	2172	0	0	2016	0	0	0	0
0519-2156	5.19e+08	2156	0	0	2016	0	0	0	0
0519-2140	5.19e+08	2140	0	0	2015	0	0	0	0
0519-2124	5.19e+08	2124	0	0	2015	0	0	0	0
0519-2108	5.19e+08	2108	0	0	2015	0	0	0	0
0519-2092	5.19e+08	2092	0	0	-	0	0	0	0
0519-2076	5.19e+08	2076	0	0	-	0	0	0	0
0519-2060	5.19e+08	2060	0	0	-	0	0	0	0
0519-2044	5.19e+08	2044	0	0	-	0	0	0	0
0519-2028	5.19e+08	2028	0	0	-	0	0	0	0
0519-2012	5.19e+08	2012	0	0	-	0	0	0	0
0519-1996	5.19e+08	1996	0	0	-	0	0	0	0
0519-1980	5.19e+08	1980	0	0	-	0	0	0	0
0519-1964	5.19e+08	1964	0	0	-	0	0	0	0
0519-1948	5.19e+08	1948	0	0	-	0	0	0	0
0519-1932	5.19e+08	1932	0	0	-	0	0	0	0
0519-1916	5.19e+08	1916	0	0	-	0	0	0	0
0519-1900	5.19e+08	1900	0	0	-	0	0	0	0
0519-1884	5.19e+08	1884	0	0	-	0	0	0	0
0519-1868	5.19e+08	1868	0	0	-	0	0	0	0
0519-1852	5.19e+08	1852	0	0	-	0	0	0	0
0519-1836	5.19e+08	1836	0	0	-	0	0	0	0
0519-1820	5.19e+08	1820	0	0	-	0	0	0	0
0519-1804	5.19e+08	1804	0	0	-	0	0	0	0
0519-1788	5.19e+08	1788	0	0	-	0	0	0	0
0519-1772	5.19e+08	1772	0	0	-	0	0	0	0
0519-1756	5.19e+08	1756	0	0	-	0	0	0	0
0535-2540	5.35e+08	2540	0	0	2012	0	0	0	0
0535-2524	5.35e+08	2524	0	0	2012	0	0	0	0
0535-2508	5.35e+08	2508	0	0	2011	0	0	0	0
0535-2492	5.35e+08	2492	0	0	2012	0	0	0	0
0535-2476	5.35e+08	2476	0	0	2013	0	0	0	0
0535-2460	5.35e+08	2460	0	0	2013	0	0	0	0
0535-2444	5.35e+08	2444	0	0	2014	0	0	0	0
0535-2428	5.35e+08	2428	0	0	2014	0	0	0	0
0535-2412	5.35e+08	2412	0	0	2014	0	0	0	0
0535-2396	5.35e+08	2396	0	0	-	0	0	0	0
0535-2380	5.35e+08	2380	0	0	2016	0	0	0	0
0535-2364	5.35e+08	2364	0	0	-	0	0	0	0
0535-2348	5.35e+08	2348	0	0	2016	0	0	0	0
0535-2332	5.35e+08	2332	0	0	-	0	0	0	0
0535-2316	5.35e+08	2316	0	0	-	0	0	0	0
0535-2300	5.35e+08	2300	0	0	-	0	0	0	0
0535-2284	5.35e+08	2284	0	0	2017	0	0	0	0
0535-2268	5.35e+08	2268	0	0	2016	0	0	0	0
0535-2252	5.35e+08	2252	0	0	2015	0	0	0	0
0535-2236	5.35e+08	2236	0	0	-	0	0	0	0
0535-2220	5.35e+08	2220	0	0	-	0	0	0	0
0535-2204	5.35e+08	2204	0	0	2014	0	0	0	0
0535-2188	5.35e+08	2188	0	0	-	0	0	0	0
0535-2172	5.35e+08	2172	0	0	-	0	0	0	0
0535-2156	5.35e+08	2156	0	0	-	0	0	0	0
0535-2140	5.35e+08	2140	0	0	2015	0	0	0	0
0535-2124	5.35e+08	2124	0	0	2015	0	0	0	0
0535-2108	5.35e+08	2108	0	0	2015	0	0	0	0
0535-2092	5.35e+08	2092	0	0	-	0	0	0	0
0535-2076	5.35e+08	2076	0	0	-	0	0	0	0
0535-2060	5.35e+08	2060	0	0	-	0	0	0	0
0535-2044	5.35e+08	2044	0	0	-	0	0	0	0
0535-2028	5.35e+08	2028	0	0	-	0	0	0	0
0535-2012	5.35e+08	2012	0	0	-	0	0	0	0
0535-1996	5.35e+08	1996	0	0	-	0	0	0	0
0535-1980	5.35e+08	1980	0	0	-	0	0	0	0
0535-1964	5.35e+08	1964	0	0	-	0	0	0	0
0535-1948	5.35e+08	1948	0	0	-	0	0	0	0
0535-1932	5.35e+08	1932	0	0	-	0	0	0	0
0535-1916	5.35e+08	1916	0	0	-	0	0	0	0
0535-1900	5.35e+08	1900	0	0	-	0	0	0	0
0535-1884	5.35e+08	1884	0	0	-	0	0	0	0
0535-1868	5.35e+08	1868	0	0	-	0	0	0	0
0535-1852	5.35e+08	1852	0	0	-	0	0	0	0
0535-1836	5.35e+08	1836	0	0	-	0	0	0	0
0535-1820	5.35e+08	1820	0	0	-	0	0	0	0
0535-1804	5.35e+08	1804	0	0	-	0	0	0	0
0535-1788	5.35e+08	1788	0	0	-	0	0	0	0
0535-1772	5.35e+08	1772	0	0	-	0	0	0	0
0535-1756	5.35e+08	1756	0	0	-	0	0	0	0
0551-2556	5.51e+08	2556	0	0	2011	0	0	0	0
0551-2540	5.51e+08	2540	0	0	2011	0	0	0	0
0551-2524	5.51e+08	2524	0	0	2012	0	0	0	0
0551-2508	5.51e+08	2508	0	0	2012	0	0	0	0
0551-2492	5.51e+08	2492	0	0	2012	0	0	0	0
0551-2476	5.51e+08	2476	0	0	2012	0	0	0	0
0551-2460	5.51e+08	2460	0	0	2012	0	0	0	0
0551-2444	5.51e+08	2444	0	0	2014	0	0	0	0
0551-2428	5.51e+08	2428	0	0	2014	0	0	0	0
0551-2412	5.51e+08	2412	0	0	2014	0	0	0	0
0551-2396	5.51e+08	2396	0	0	2014	0	0	0	0
0551-2380	5.51e+08	2380	0	0	2014	0	0	0	0
0551-2364	5.51e+08	2364	0	0	-	0	0	0	0
0551-2348	5.51e+08	2348	0	0	-	0	0	0	0
0551-2332	5.51e+08	2332	0	0	-	0	0	0	0
0551-2316	5.51e+08	2316	0	0	2014	0	0	0	0
0551-2300	5.51e+08	2300	0	0	2016	0	0	0	0
0551-2284	5.51e+08	2284	0	0	-	0	0	0	0
0551-2268	5.51e+08	2268	0	0	2014	0	0	0	0
0551-2252	5.51e+08	2252	0	0	2015	0	0	0	0
0551-2236	5.51e+08	2236	0	0	-	0	0	0	0
0551-2220	5.51e+08	2220	0	0	2014	0	0	0	0
0551-2204	5.51e+08	2204	0	0	2014	0	0	0	0
0551-2188	5.51e+08	2188	0	0	-	0	0	0	0
0551-2172	5.51e+08	2172	0	0	-	0	0	0	0
0551-2156	5.51e+08	2156	0	0	2015	0	0	0	0
0551-2140	5.51e+08	2140	0	0	2015	0	0	0	0
0551-2124	5.51e+08	2124	0	0	2015	0	0	0	0
0551-2108	5.51e+08	2108	0	0	2015	0	0	0	0
0551-2092	5.51e+08	2092	0	0	-	0	0	0	0
0551-2076	5.51e+08	2076	0	0	-	0	0	0	0
0551-2060	5.51e+08	2060	0	0	-	0	0	0	0
0551-2044	5.51e+08	2044	0	0	-	0	0	0	0
0551-2028	5.51e+08	2028	0	0	-	0	0	0	0
0551-2012	5.51e+08	2012	0	0	-	0	0	0	0
0551-1996	5.51e+08	1996	0	0	-	0	0	0	0
0551-1980	5.51e+08	1980	0	0	-	0	0	0	0
0551-1964	5.51e+08	1964	0	0	-	0	0	0	0
0551-1948	5.51e+08	1948	0	0	-	0	0	0	0
0551-1932	5.51e+08	1932	0	0	-	0	0	0	0
0551-1916	5.51e+08	1916	0	0	-	0	0	0	0
0551-1900	5.51e+08	1900	0	0	-	0	0	0	0
0551-1884	5.51e+08	1884	0	0	-	0	0	0	0
0551-1868	5.51e+08	1868	0	0	-	0	0	0	0
0551-1852	5.51e+08	1852	0	0	-	0	0	0	0
0551-1836	5.51e+08	1836	0	0	-	0	0	0	0
0551-1820	5.51e+08	1820	0	0	-	0	0	0	0
0551-1804	5.51e+08	1804	0	0	-	0	0	0	0
0551-1788	5.51e+08	1788	0	0	-	0	0	0	0
0551-1772	5.51e+08	1772	0	0	-	0	0	0	0
0551-1756	5.51e+08	1756	0	0	-	0	0	0	0
0567-2652	5.67e+08	2652	0	0	2010	0	0	0	0
0567-2636	5.67e+08	2636	0	10	2010	0	10	0	10
0567-2620	5.67e+08	2620	0	10	2010	0	10	0	10
0567-2604	5.67e+08	2604	0	10	2010	0	10	0	10
0567-2588	5.67e+08	2588	0	0	2010	0	0	0	0
0567-2572	5.67e+08	2572	0	0	2011	0	0	0	0
0567-2556	5.67e+08	2556	0	0	2011	0	0	0	0
0567-2540	5.67e+08	2540	0	0	2011	0	0	0	0
0567-2524	5.67e+08	2524	0	0	2012	0	0	0	0
0567-2508	5.67e+08	2508	0	0	2012	0	0	0	0
0567-2492	5.67e+08	2492	0	0	2012	0	0	0	0
0567-2476	5.67e+08	2476	0	0	2012	0	0	0	0
0567-2460	5.67e+08	2460	0	0	2012	0	0	0	0
0567-2444	5.67e+08	2444	0	0	2013	0	0	0	0
0567-2428	5.67e+08	2428	0	0	2013	0	0	0	0
0567-2412	5.67e+08	2412	0	0	2013	0	0	0	0
0567-2396	5.67e+08	2396	0	0	2014	0	0	0	0
0567-2380	5.67e+08	2380	0	0	2014	0	0	0	0
0567-2364	5.67e+08	2364	0	0	-	0	0	0	0
0567-2348	5.67e+08	2348	0	0	-	0	0	0	0
0567-2332	5.67e+08	2332	0	0	2015	0	0	0	0
0567-2316	5.67e+08	2316	0	0	2014	0	0	0	0
0567-2300	5.67e+08	2300	0	0	2015	0	0	0	0
0567-2284	5.67e+08	2284	0	0	2015	0	0	0	0
0567-2268	5.67e+08	2268	0	0	2015	0	0	0	0
0567-2252	5.67e+08	2252	0	0	2015	0	0	0	0
0567-2236	5.67e+08	2236	0	0	-	0	0	0	0
0567-2220	5.67e+08	2220	0	0	2015	0	0	0	0
0567-2204	5.67e+08	2204	0	0	2014	0	0	0	0
0567-2188	5.67e+08	2188	0	0	2014	0	0	0	0
0567-2172	5.67e+08	2172	0	0	-	0	0	0	0
0567-2156	5.67e+08	2156	0	0	2015	0	0	0	0
0567-2140	5.67e+08	2140	0	0	2015	0	0	0	0
0567-2124	5.67e+08	2124	0	0	2014	0	0	0	0
0567-2108	5.67e+08	2108	0	0	2015	0	0	0	0
0567-2092	5.67e+08	2092	0	0	2015	0	0	0	0
0567-2076	5.67e+08	2076	0	0	-	0	0	0	0
0567-2060	5.67e+08	2060	0	0	-	0	0	0	0
0567-2044	5.67e+08	2044	0	0	-	0	0	0	0
0567-2028	5.67e+08	2028	0	0	-	0	0	0	0
0567-2012	5.67e+08	2012	0	0	-	0	0	0	0
0567-1996	5.67e+08	1996	0	0	-	0	0	0	0
0567-1980	5.67e+08	1980	0	0	-	0	0	0	0
0567-1964	5.67e+08	1964	0	0	-	0	0	0	0
0567-1948	5.67e+08	1948	0	0	-	0	0	0	0
0567-1932	5.67e+08	1932	0	0	-	0	0	0	0
0567-1916	5.67e+08	1916	0	0	-	0	0	0	0
0567-1900	5.67e+08	1900	0	0	-	0	0	0	0
0567-1884	5.67e+08	1884	0	0	-	0	0	0	0
0567-1868	5.67e+08	1868	0	0	-	0	0	0	0
0567-1852	5.67e+08	1852	0	0	-	0	0	0	0
0567-1836	5.67e+08	1836	0	0	-	0	0	0	0
0567-1820	5.67e+08	1820	0	0	-	0	0	0	0
0567-1804	5.67e+08	1804	0	0	-	0	0	0	0
0567-1788	5.67e+08	1788	0	0	-	0	0	0	0
0567-1772	5.67e+08	1772	0	0	-	0	0	0	0
0567-1756	5.67e+08	1756	0	0	-	0	0	0	0
0567-1740	5.67e+08	1740	0	0	-	0	0	0	0
0583-2652	5.83e+08	2652	0	0	2010	0	0	0	0
0583-2636	5.83e+08	2636	0	10	2010	0	10	0	10
0583-2620	5.83e+08	2620	0	20	2009	0	20	0	20
0583-2604	5.83e+08	2604	0	10	2011	0	10	0	10
0583-2588	5.83e+08	2588	0	0	2011	0	0	0	0
0583-2572	5.83e+08	2572	0	0	2011	0	0	0	0
0583-2556	5.83e+08	2556	0	0	2011	0	0	0	0
0583-2540	5.83e+08	2540	0	0	2011	0	0	0	0
0583-2524	5.83e+08	2524	0	0	2011	0	0	0	0
0583-2508	5.83e+08	2508	0	0	2011	0	0	0	0
0583-2492	5.83e+08	2492	0	0	2011	0	0	0	0
0583-2476	5.83e+08	2476	0	0	2012	0	0	0	0
0583-2460	5.83e+08	2460	0	0	2012	0	0	0	0
0583-2444	5.83e+08	2444	0	0	2013	0	0	0	0
0583-2428	5.83e+08	2428	0	0	2013	0	0	0	0
0583-2412	5.83e+08	2412	0	0	2012	0	0	0	0
0583-2396	5.83e+08	2396	0	0	2012	0	0	0	0
0583-2380	5.83e+08	2380	0	0	2014	0	0	0	0
0583-2364	5.83e+08	2364	0	0	2014	0	0	0	0
0583-2348	5.83e+08	2348	0	0	2015	0	0	0	0
0583-2332	5.83e+08	2332	0	0	-	0	0	0	0
0583-2316	5.83e+08	2316	0	0	-	0	0	0	0
0583-2300	5.83e+08	2300	0	0	2015	0	0	0	0
0583-2284	5.83e+08	2284	0	0	2014	0	0	0	0
0583-2268	5.83e+08	2268	0	0	2014	0	0	0	0
0583-2252	5.83e+08	2252	0	0	2015	0	0	0	0
0583-2236	5.83e+08	2236	0	0	2015	0	0	0	0
0583-2220	5.83e+08	2220	0	0	2014	0	0	0	0
0583-2204	5.83e+08	2204	0	0	-	0	0	0	0
0583-2188	5.83e+08	2188	0	0	-	0	0	0	0
0583-2172	5.83e+08	2172	0	0	2015	0	0	0	0
0583-2156	5.83e+08	2156	0	0	2015	0	0	0	0
0583-2140	5.83e+08	2140	0	0	2015	0	0	0	0
0583-2124	5.83e+08	2124	0	0	2015	0	0	0	0
0583-2108	5.83e+08	2108	0	0	2015	0	0	0	0
0583-2092	5.83e+08	2092	0	0	2015	0	0	0	0
0583-2076	5.83e+08	2076	0	0	2015	0	0	0	0
0583-2060	5.83e+08	2060	0	0	2015	0	0	0	0
0583-2044	5.83e+08	2044	0	0	-	0	0	0	0
0583-2028	5.83e+08	2028	0	0	-	0	0	0	0
0583-2012	5.83e+08	2012	0	0	-	0	0	0	0
0583-1996	5.83e+08	1996	0	0	-	0	0	0	0
0583-1980	5.83e+08	1980	0	0	-	0	0	0	0
0583-1964	5.83e+08	1964	0	0	-	0	0	0	0
0583-1948	5.83e+08	1948	0	0	-	0	0	0	0
0583-1932	5.83e+08	1932	0	0	-	0	0	0	0
0583-1916	5.83e+08	1916	0	0	-	0	0	0	0
0583-1900	5.83e+08	1900	0	0	-	0	0	0	0
0583-1884	5.83e+08	1884	0	0	-	0	0	0	0
0583-1868	5.83e+08	1868	0	0	-	0	0	0	0
0583-1852	5.83e+08	1852	0	0	-	0	0	0	0
0583-1836	5.83e+08	1836	0	0	-	0	0	0	0
0583-1820	5.83e+08	1820	0	0	-	0	0	0	0
0583-1804	5.83e+08	1804	0	0	-	0	0	0	0
0583-1788	5.83e+08	1788	0	0	-	0	0	0	0
0583-1772	5.83e+08	1772	0	0	-	0	0	0	0
0583-1756	5.83e+08	1756	0	0	-	0	0	0	0
0583-1740	5.83e+08	1740	0	0	-	0	0	0	0
0583-1724	5.83e+08	1724	0	0	-	0	0	0	0
0599-2652	5.99e+08	2652	0	0	2011	0	0	0	0
0599-2636	5.99e+08	2636	0	10	2011	0	10	0	10
0599-2620	5.99e+08	2620	0	10	2011	0	10	0	10
0599-2604	5.99e+08	2604	0	10	2010	0	10	0	10
0599-2588	5.99e+08	2588	0	0	2011	0	0	0	0
0599-2572	5.99e+08	2572	0	0	2011	0	0	0	0
0599-2556	5.99e+08	2556	0	0	2011	0	0	0	0
0599-2540	5.99e+08	2540	0	0	2011	0	0	0	0
0599-2524	5.99e+08	2524	0	0	2011	0	0	0	0
0599-2508	5.99e+08	2508	0	0	2011	0	0	0	0
0599-2492	5.99e+08	2492	0	0	2012	0	0	0	0
0599-2476	5.99e+08	2476	0	0	2011	0	0	0	0
0599-2460	5.99e+08	2460	0	0	2012	0	0	0	0
0599-2444	5.99e+08	2444	0	0	2012	0	0	0	0
0599-2428	5.99e+08	2428	0	0	2013	0	0	0	0
0599-2412	5.99e+08	2412	0	0	2013	0	0	0	0
0599-2396	5.99e+08	2396	0	0	2012	0	0	0	0
0599-2380	5.99e+08	2380	0	0	2013	0	0	0	0
0599-2364	5.99e+08	2364	0	0	2013	0	0	0	0
0599-2348	5.99e+08	2348	0	0	2015	0	0	0	0
0599-2332	5.99e+08	2332	0	0	-	0	0	0	0
0599-2316	5.99e+08	2316	0	0	-	0	0	0	0
0599-2300	5.99e+08	2300	0	0	2015	0	0	0	0
0599-2284	5.99e+08	2284	0	0	2014	0	0	0	0
0599-2268	5.99e+08	2268	0	0	2014	0	0	0	0
0599-2252	5.99e+08	2252	0	0	2014	0	0	0	0
0599-2236	5.99e+08	2236	0	0	2014	0	0	0	0
0599-2220	5.99e+08	2220	0	0	2014	0	0	0	0
0599-2204	5.99e+08	2204	0	0	-	0	0	0	0
0599-2188	5.99e+08	2188	0	0	-	0	0	0	0
0599-2172	5.99e+08	2172	0	0	2015	0	0	0	0
0599-2156	5.99e+08	2156	0	0	2014	0	0	0	0
0599-2140	5.99e+08	2140	0	0	2015	0	0	0	0
0599-2124	5.99e+08	2124	0	0	2015	0	0	0	0
0599-2108	5.99e+08	2108	0	0	2015	0	0	0	0
0599-2092	5.99e+08	2092	0	0	2015	0	0	0	0
0599-2076	5.99e+08	2076	0	0	2015	0	0	0	0
0599-2060	5.99e+08	2060	0	0	-	0	0	0	0
0599-2044	5.99e+08	2044	0	0	-	0	0	0	0
0599-2028	5.99e+08	2028	0	0	-	0	0	0	0
0599-2012	5.99e+08	2012	0	0	2017	0	0	0	0
0599-1996	5.99e+08	1996	0	0	-	0	0	0	0
0599-1980	5.99e+08	1980	0	0	-	0	0	0	0
0599-1964	5.99e+08	1964	0	0	-	0	0	0	0
0599-1948	5.99e+08	1948	0	0	-	0	0	0	0
0599-1932	5.99e+08	1932	0	0	-	0	0	0	0
0599-1916	5.99e+08	1916	0	0	-	0	0	0	0
0599-1900	5.99e+08	1900	0	0	-	0	0	0	0
0599-1884	5.99e+08	1884	0	0	-	0	0	0	0
0599-1868	5.99e+08	1868	0	0	-	0	0	0	0
0599-1852	5.99e+08	1852	0	0	-	0	0	0	0
0599-1836	5.99e+08	1836	0	0	-	0	0	0	0
0599-1820	5.99e+08	1820	0	0	-	0	0	0	0
0599-1804	5.99e+08	1804	0	0	-	0	0	0	0
0599-1788	5.99e+08	1788	0	0	-	0	0	0	0
0599-1772	5.99e+08	1772	0	0	-	0	0	0	0
0599-1756	5.99e+08	1756	0	0	-	0	0	0	0
0599-1740	5.99e+08	1740	0	0	-	0	0	0	0
0599-1724	5.99e+08	1724	0	0	-	0	0	0	0
0615-2636	6.15e+08	2636	0	0	2011	0	0	0	0
0615-2620	6.15e+08	2620	0	0	2011	0	0	0	0
0615-2604	6.15e+08	2604	0	0	2010	0	0	0	0
0615-2588	6.15e+08	2588	0	0	2011	0	0	0	0
0615-2572	6.15e+08	2572	0	0	2011	0	0	0	0
0615-2556	6.15e+08	2556	0	0	2011	0	0	0	0
0615-2540	6.15e+08	2540	0	0	2011	0	0	0	0
0615-2524	6.15e+08	2524	0	0	2011	0	0	0	0
0615-2508	6.15e+08	2508	0	0	2012	0	0	0	0
0615-2492	6.15e+08	2492	0	0	2012	0	0	0	0
0615-2476	6.15e+08	2476	0	0	2012	0	0	0	0
0615-2460	6.15e+08	2460	0	0	2012	0	0	0	0
0615-2444	6.15e+08	2444	0	0	2012	0	0	0	0
0615-2428	6.15e+08	2428	0	0	2012	0	0	0	0
0615-2412	6.15e+08	2412	0	0	2013	0	0	0	0
0615-2396	6.15e+08	2396	0	0	2013	0	0	0	0
0615-2380	6.15e+08	2380	0	0	2014	0	0	0	0
0615-2364	6.15e+08	2364	0	0	2014	0	0	0	0
0615-2348	6.15e+08	2348	0	0	2015	0	0	0	0
0615-2332	6.15e+08	2332	0	0	2014	0	0	0	0
0615-2316	6.15e+08	2316	0	0	-	0	0	0	0
0615-2300	6.15e+08	2300	0	0	2015	0	0	0	0
0615-2284	6.15e+08	2284	0	0	2014	0	0	0	0
0615-2268	6.15e+08	2268	0	0	2014	0	0	0	0
0615-2252	6.15e+08	2252	0	0	2014	0	0	0	0
0615-2236	6.15e+08	2236	0	0	2014	0	0	0	0
0615-2220	6.15e+08	2220	0	0	2014	0	0	0	0
0615-2204	6.15e+08	2204	0	0	2016	0	0	0	0
0615-2188	6.15e+08	2188	0	0	2016	0	0	0	0
0615-2172	6.15e+08	2172	0	0	2015	0	0	0	0
0615-2156	6.15e+08	2156	0	0	2015	0	0	0	0
0615-2140	6.15e+08	2140	0	0	2015	0	0	0	0
0615-2124	6.15e+08	2124	0	0	2015	0	0	0	0
0615-2108	6.15e+08	2108	0	0	2015	0	0	0	0
0615-2092	6.15e+08	2092	0	0	2015	0	0	0	0
0615-2076	6.15e+08	2076	0	0	2015	0	0	0	0
0615-2060	6.15e+08	2060	0	0	2015	0	0	0	0
0615-2044	6.15e+08	2044	0	0	2017	0	0	0	0
0615-2028	6.15e+08	2028	0	0	-	0	0	0	0
0615-2012	6.15e+08	2012	0	0	2016	0	0	0	0
0615-1996	6.15e+08	1996	0	0	-	0	0	0	0
0615-1980	6.15e+08	1980	0	0	-	0	0	0	0
0615-1964	6.15e+08	1964	0	0	-	0	0	0	0
0615-1948	6.15e+08	1948	0	0	-	0	0	0	0
0615-1932	6.15e+08	1932	0	0	-	0	0	0	0
0615-1916	6.15e+08	1916	0	0	-	0	0	0	0
0615-1900	6.15e+08	1900	0	0	-	0	0	0	0
0615-1884	6.15e+08	1884	0	0	-	0	0	0	0
0615-1868	6.15e+08	1868	0	0	-	0	0	0	0
0615-1852	6.15e+08	1852	0	0	-	0	0	0	0
0615-1836	6.15e+08	1836	0	0	-	0	0	0	0
0615-1820	6.15e+08	1820	0	0	-	0	0	0	0
0615-1804	6.15e+08	1804	0	0	-	0	0	0	0
0615-1788	6.15e+08	1788	0	0	-	0	0	0	0
0615-1772	6.15e+08	1772	0	0	-	0	0	0	0
0615-1756	6.15e+08	1756	0	0	-	0	0	0	0
0615-1740	6.15e+08	1740	0	0	-	0	0	0	0
0615-1724	6.15e+08	1724	0	0	-	0	0	0	0
0631-2620	6.31e+08	2620	0	0	2011	0	0	0	0
0631-2604	6.31e+08	2604	0	0	2011	0	0	0	0
0631-2588	6.31e+08	2588	0	0	2010	0	0	0	0
0631-2572	6.31e+08	2572	0	0	2011	0	0	0	0
0631-2556	6.31e+08	2556	0	0	2011	0	0	0	0
0631-2540	6.31e+08	2540	0	0	2011	0	0	0	0
0631-2524	6.31e+08	2524	0	0	2011	0	0	0	0
0631-2508	6.31e+08	2508	0	0	2011	0	0	0	0
0631-2492	6.31e+08	2492	0	0	2011	0	0	0	0
0631-2476	6.31e+08	2476	0	0	2011	0	0	0	0
0631-2460	6.31e+08	2460	0	0	2012	0	0	0	0
0631-2444	6.31e+08	2444	0	0	2012	0	0	0	0
0631-2428	6.31e+08	2428	0	0	2012	0	0	0	0
0631-2412	6.31e+08	2412	0	0	2012	0	0	0	0
0631-2396	6.31e+08	2396	0	0	2012	0	0	0	0
0631-2380	6.31e+08	2380	0	0	2012	0	0	0	0
0631-2364	6.31e+08	2364	0	0	2012	0	0	0	0
0631-2348	6.31e+08	2348	0	0	2013	0	0	0	0
0631-2332	6.31e+08	2332	0	0	2014	0	0	0	0
0631-2316	6.31e+08	2316	0	0	2014	0	0	0	0
0631-2300	6.31e+08	2300	0	0	2015	0	0	0	0
0631-2284	6.31e+08	2284	0	0	2015	0	0	0	0
0631-2268	6.31e+08	2268	0	0	2014	0	0	0	0
0631-2252	6.31e+08	2252	0	0	2014	0	0	0	0
0631-2236	6.31e+08	2236	0	0	2014	0	0	0	0
0631-2220	6.31e+08	2220	0	0	2014	0	0	0	0
0631-2204	6.31e+08	2204	0	0	2014	0	0	0	0
0631-2188	6.31e+08	2188	0	0	2014	0	0	0	0
0631-2172	6.31e+08	2172	0	0	2014	0	0	0	0
0631-2156	6.31e+08	2156	0	0	2015	0	0	0	0
0631-2140	6.31e+08	2140	0	0	2015	0	0	0	0
0631-2124	6.31e+08	2124	0	0	2011	0	0	0	0
0631-2108	6.31e+08	2108	0	0	2015	0	0	0	0
0631-2092	6.31e+08	2092	0	0	2014	0	0	0	0
0631-2076	6.31e+08	2076	0	0	2015	0	0	0	0
0631-2060	6.31e+08	2060	0	0	2015	0	0	0	0
0631-2044	6.31e+08	2044	0	0	2015	0	0	0	0
0631-2028	6.31e+08	2028	0	0	-	0	0	0	0
0631-2012	6.31e+08	2012	0	0	-	0	0	0	0
0631-1996	6.31e+08	1996	0	0	2016	0	0	0	0
0631-1980	6.31e+08	1980	0	0	-	0	0	0	0
0631-1964	6.31e+08	1964	0	0	-	0	0	0	0
0631-1948	6.31e+08	1948	0	0	-	0	0	0	0
0631-1932	6.31e+08	1932	0	0	-	0	0	0	0
0631-1916	6.31e+08	1916	0	0	-	0	0	0	0
0631-1900	6.31e+08	1900	0	0	-	0	0	0	0
0631-1884	6.31e+08	1884	0	0	-	0	0	0	0
0631-1868	6.31e+08	1868	0	0	-	0	0	0	0
0631-1852	6.31e+08	1852	0	0	-	0	0	0	0
0631-1836	6.31e+08	1836	0	0	-	0	0	0	0
0631-1820	6.31e+08	1820	0	0	-	0	0	0	0
0631-1804	6.31e+08	1804	0	0	-	0	0	0	0
0631-1788	6.31e+08	1788	0	0	-	0	0	0	0
0631-1772	6.31e+08	1772	0	0	-	0	0	0	0
0631-1756	6.31e+08	1756	0	0	-	0	0	0	0
0631-1740	6.31e+08	1740	0	0	-	0	0	0	0
0631-1724	6.31e+08	1724	0	0	-	0	0	0	0
0647-2620	6.47e+08	2620	0	0	2011	0	0	0	0
0647-2604	6.47e+08	2604	0	0	2011	0	0	0	0
0647-2588	6.47e+08	2588	0	0	2011	0	0	0	0
0647-2572	6.47e+08	2572	0	0	2011	0	0	0	0
0647-2556	6.47e+08	2556	0	0	2010	0	0	0	0
0647-2540	6.47e+08	2540	0	0	2011	0	0	0	0
0647-2524	6.47e+08	2524	0	0	2011	0	0	0	0
0647-2508	6.47e+08	2508	0	0	2011	0	0	0	0
0647-2492	6.47e+08	2492	0	0	2011	0	0	0	0
0647-2476	6.47e+08	2476	0	0	2011	0	0	0	0
0647-2460	6.47e+08	2460	0	0	2011	0	0	0	0
0647-2444	6.47e+08	2444	0	0	2012	0	0	0	0
0647-2428	6.47e+08	2428	0	0	2012	0	0	0	0
0647-2412	6.47e+08	2412	0	0	2012	0	0	0	0
0647-2396	6.47e+08	2396	0	0	2012	0	0	0	0
0647-2380	6.47e+08	2380	0	0	2012	0	0	0	0
0647-2364	6.47e+08	2364	0	0	2012	0	0	0	0
0647-2348	6.47e+08	2348	0	0	2013	0	0	0	0
0647-2332	6.47e+08	2332	0	0	2014	0	0	0	0
0647-2316	6.47e+08	2316	0	0	2014	0	0	0	0
0647-2300	6.47e+08	2300	0	0	2014	0	0	0	0
0647-2284	6.47e+08	2284	0	0	2015	0	0	0	0
0647-2268	6.47e+08	2268	0	0	2013	0	0	0	0
0647-2252	6.47e+08	2252	0	0	2014	0	0	0	0
0647-2236	6.47e+08	2236	0	0	2014	0	0	0	0
0647-2220	6.47e+08	2220	0	0	2014	0	0	0	0
0647-2204	6.47e+08	2204	0	0	2014	0	0	0	0
0647-2188	6.47e+08	2188	0	0	2015	0	0	0	0
0647-2172	6.47e+08	2172	0	0	2015	0	0	0	0
0647-2156	6.47e+08	2156	0	0	2015	0	0	0	0
0647-2140	6.47e+08	2140	0	0	2013	0	0	0	0
0647-2124	6.47e+08	2124	0	0	2015	0	0	0	0
0647-2108	6.47e+08	2108	0	0	2012	0	0	0	0
0647-2092	6.47e+08	2092	0	0	2014	0	0	0	0
0647-2076	6.47e+08	2076	0	0	2015	0	0	0	0
0647-2060	6.47e+08	2060	0	0	2015	0	0	0	0
0647-2044	6.47e+08	2044	0	0	2015	0	0	0	0
0647-2028	6.47e+08	2028	0	0	2015	0	0	0	0
0647-2012	6.47e+08	2012	0	0	-	0	0	0	0
0647-1996	6.47e+08	1996	0	0	-	0	0	0	0
0647-1980	6.47e+08	1980	0	0	-	0	0	0	0
0647-1964	6.47e+08	1964	0	0	-	0	0	0	0
0647-1948	6.47e+08	1948	0	0	-	0	0	0	0
0647-1932	6.47e+08	1932	0	0	-	0	0	0	0
0647-1916	6.47e+08	1916	0	0	-	0	0	0	0
0647-1900	6.47e+08	1900	0	0	-	0	0	0	0
0647-1884	6.47e+08	1884	0	0	-	0	0	0	0
0647-1868	6.47e+08	1868	0	0	-	0	0	0	0
0647-1852	6.47e+08	1852	0	0	-	0	0	0	0
0647-1836	6.47e+08	1836	0	0	-	0	0	0	0
0647-1820	6.47e+08	1820	0	0	-	0	0	0	0
0647-1804	6.47e+08	1804	0	0	-	0	0	0	0
0647-1788	6.47e+08	1788	0	0	-	0	0	0	0
0647-1772	6.47e+08	1772	0	0	-	0	0	0	0
0647-1756	6.47e+08	1756	0	0	-	0	0	0	0
0647-1740	6.47e+08	1740	0	0	-	0	0	0	0
0663-2604	6.63e+08	2604	0	0	2011	0	0	0	0
0663-2588	6.63e+08	2588	0	0	2011	0	0	0	0
0663-2572	6.63e+08	2572	0	0	2011	0	0	0	0
0663-2556	6.63e+08	2556	0	0	2011	0	0	0	0
0663-2540	6.63e+08	2540	0	0	2011	0	0	0	0
0663-2524	6.63e+08	2524	0	0	2011	0	0	0	0
0663-2508	6.63e+08	2508	0	0	2011	0	0	0	0
0663-2492	6.63e+08	2492	0	0	2011	0	0	0	0
0663-2476	6.63e+08	2476	0	0	2011	0	0	0	0
0663-2460	6.63e+08	2460	0	0	2011	0	0	0	0
0663-2444	6.63e+08	2444	0	0	2011	0	0	0	0
0663-2428	6.63e+08	2428	0	0	2012	0	0	0	0
0663-2412	6.63e+08	2412	0	0	2012	0	0	0	0
0663-2396	6.63e+08	2396	0	0	2013	0	0	0	0
0663-2380	6.63e+08	2380	0	0	2012	0	0	0	0
0663-2364	6.63e+08	2364	0	0	2012	0	0	0	0
0663-2348	6.63e+08	2348	0	0	2013	0	0	0	0
0663-2332	6.63e+08	2332	0	0	2014	0	0	0	0
0663-2316	6.63e+08	2316	0	0	2012	0	0	0	0
0663-2300	6.63e+08	2300	0	0	2012	0	0	0	0
0663-2284	6.63e+08	2284	0	0	2014	0	0	0	0
0663-2268	6.63e+08	2268	0	0	2014	0	0	0	0
0663-2252	6.63e+08	2252	0	0	2014	0	0	0	0
0663-2236	6.63e+08	2236	0	0	2014	0	0	0	0
0663-2220	6.63e+08	2220	0	0	2014	0	0	0	0
0663-2204	6.63e+08	2204	0	0	2012	0	0	0	0
0663-2188	6.63e+08	2188	0	0	2014	0	0	0	0
0663-2172	6.63e+08	2172	0	0	2014	0	0	0	0
0663-2156	6.63e+08	2156	0	0	2015	0	0	0	0
0663-2140	6.63e+08	2140	0	0	2014	0	0	0	0
0663-2124	6.63e+08	2124	0	0	2014	0	0	0	0
0663-2108	6.63e+08	2108	0	0	2015	0	0	0	0
0663-2092	6.63e+08	2092	0	0	2015	0	0	0	0
0663-2076	6.63e+08	2076	0	0	2014	0	0	0	0
0663-2060	6.63e+08	2060	0	0	2015	0	0	0	0
0663-2044	6.63e+08	2044	0	0	2015	0	0	0	0
0663-2028	6.63e+08	2028	0	0	2015	0	0	0	0
0663-2012	6.63e+08	2012	0	0	2015	0	0	0	0
0663-1996	6.63e+08	1996	0	0	2016	0	0	0	0
0663-1980	6.63e+08	1980	0	0	2016	0	0	0	0
0663-1964	6.63e+08	1964	0	0	-	0	0	0	0
0663-1948	6.63e+08	1948	0	0	-	0	0	0	0
0663-1932	6.63e+08	1932	0	0	-	0	0	0	0
0663-1916	6.63e+08	1916	0	0	-	0	0	0	0
0663-1900	6.63e+08	1900	0	0	-	0	0	0	0
0663-1884	6.63e+08	1884	0	0	-	0	0	0	0
0663-1868	6.63e+08	1868	0	0	-	0	0	0	0
0663-1852	6.63e+08	1852	0	0	-	0	0	0	0
0663-1836	6.63e+08	1836	0	0	-	0	0	0	0
0663-1820	6.63e+08	1820	0	0	-	0	0	0	0
0679-2588	6.79e+08	2588	0	10	2011	0	10	0	10
0679-2572	6.79e+08	2572	0	0	2011	0	0	0	0
0679-2556	6.79e+08	2556	0	0	2011	0	0	0	0
0679-2540	6.79e+08	2540	0	0	2011	0	0	0	0
0679-2524	6.79e+08	2524	0	0	2011	0	0	0	0
0679-2508	6.79e+08	2508	0	0	2011	0	0	0	0
0679-2492	6.79e+08	2492	0	0	2011	0	0	0	0
0679-2476	6.79e+08	2476	0	0	2011	0	0	0	0
0679-2460	6.79e+08	2460	0	0	2011	0	0	0	0
0679-2444	6.79e+08	2444	0	0	2012	0	0	0	0
0679-2428	6.79e+08	2428	0	0	2012	0	0	0	0
0679-2412	6.79e+08	2412	0	0	2012	0	0	0	0
0679-2396	6.79e+08	2396	0	0	2012	0	0	0	0
0679-2380	6.79e+08	2380	0	0	2012	0	0	0	0
0679-2364	6.79e+08	2364	0	0	2012	0	0	0	0
0679-2348	6.79e+08	2348	0	0	2013	0	0	0	0
0679-2332	6.79e+08	2332	0	0	2014	0	0	0	0
0679-2316	6.79e+08	2316	0	0	2014	0	0	0	0
0679-2300	6.79e+08	2300	0	0	2014	0	0	0	0
0679-2284	6.79e+08	2284	0	0	2013	0	0	0	0
0679-2268	6.79e+08	2268	0	0	2014	0	0	0	0
0679-2252	6.79e+08	2252	0	0	2014	0	0	0	0
0679-2236	6.79e+08	2236	0	0	2014	0	0	0	0
0679-2220	6.79e+08	2220	0	0	2014	0	0	0	0
0679-2204	6.79e+08	2204	0	0	2014	0	0	0	0
0679-2188	6.79e+08	2188	0	0	2014	0	0	0	0
0679-2172	6.79e+08	2172	0	0	2013	0	0	0	0
0679-2156	6.79e+08	2156	0	0	2012	0	0	0	0
0679-2140	6.79e+08	2140	0	0	2013	0	0	0	0
0679-2124	6.79e+08	2124	0	0	2012	0	0	0	0
0679-2108	6.79e+08	2108	0	0	2013	0	0	0	0
0679-2092	6.79e+08	2092	0	0	2013	0	0	0	0
0679-2076	6.79e+08	2076	0	0	2014	0	0	0	0
0679-2060	6.79e+08	2060	0	0	2015	0	0	0	0
0679-2044	6.79e+08	2044	0	0	2015	0	0	0	0
0679-2028	6.79e+08	2028	0	0	2015	0	0	0	0
0679-2012	6.79e+08	2012	0	0	2015	0	0	0	0
0679-1996	6.79e+08	1996	0	0	2014	0	0	0	0
0679-1980	6.79e+08	1980	0	0	-	0	0	0	0
0679-1964	6.79e+08	1964	0	0	-	0	0	0	0
0679-1948	6.79e+08	1948	0	0	-	0	0	0	0
0679-1932	6.79e+08	1932	0	0	-	0	0	0	0
0679-1916	6.79e+08	1916	0	0	-	0	0	0	0
0679-1900	6.79e+08	1900	0	0	-	0	0	0	0
0679-1884	6.79e+08	1884	0	0	-	0	0	0	0
0679-1868	6.79e+08	1868	0	0	-	0	0	0	0
0679-1852	6.79e+08	1852	0	0	-	0	0	0	0
0679-1836	6.79e+08	1836	0	0	-	0	0	0	0
0679-1820	6.79e+08	1820	0	0	-	0	0	0	0
0695-2572	6.95e+08	2572	0	10	2011	0	10	0	10
0695-2556	6.95e+08	2556	0	0	2011	0	0	0	0
0695-2540	6.95e+08	2540	0	0	2011	0	0	0	0
0695-2524	6.95e+08	2524	0	0	2011	0	0	0	0
0695-2508	6.95e+08	2508	0	0	2011	0	0	0	0
0695-2492	6.95e+08	2492	0	0	2011	0	0	0	0
0695-2476	6.95e+08	2476	0	0	2011	0	0	0	0
0695-2460	6.95e+08	2460	0	0	2011	0	0	0	0
0695-2444	6.95e+08	2444	0	0	2012	0	0	0	0
0695-2428	6.95e+08	2428	0	0	2012	0	0	0	0
0695-2412	6.95e+08	2412	0	0	2012	0	0	0	0
0695-2396	6.95e+08	2396	0	0	2012	0	0	0	0
0695-2380	6.95e+08	2380	0	0	2012	0	0	0	0
0695-2364	6.95e+08	2364	0	0	2013	0	0	0	0
0695-2348	6.95e+08	2348	0	0	2013	0	0	0	0
0695-2332	6.95e+08	2332	0	0	2013	0	0	0	0
0695-2316	6.95e+08	2316	0	0	2012	0	0	0	0
0695-2300	6.95e+08	2300	0	0	2014	0	0	0	0
0695-2284	6.95e+08	2284	0	0	2014	0	0	0	0
0695-2268	6.95e+08	2268	0	0	2012	0	0	0	0
0695-2252	6.95e+08	2252	0	0	2014	0	0	0	0
0695-2236	6.95e+08	2236	0	0	2014	0	0	0	0
0695-2220	6.95e+08	2220	0	0	2014	0	0	0	0
0695-2204	6.95e+08	2204	0	0	2014	0	0	0	0
0695-2188	6.95e+08	2188	0	0	2014	0	0	0	0
0695-2172	6.95e+08	2172	0	0	2013	0	0	0	0
0695-2156	6.95e+08	2156	0	0	2013	0	0	0	0
0695-2140	6.95e+08	2140	0	0	2013	0	0	0	0
0695-2124	6.95e+08	2124	0	0	2013	0	0	0	0
0695-2108	6.95e+08	2108	0	0	2012	0	0	0	0
0695-2092	6.95e+08	2092	0	0	2014	0	0	0	0
0695-2076	6.95e+08	2076	0	0	2014	0	0	0	0
0695-2060	6.95e+08	2060	0	0	2014	0	0	0	0
0695-2044	6.95e+08	2044	0	0	2014	0	0	0	0
0695-2028	6.95e+08	2028	0	0	2015	0	0	0	0
0695-2012	6.95e+08	2012	0	0	2015	0	0	0	0
0695-1996	6.95e+08	1996	0	0	-	0	0	0	0
0695-1980	6.95e+08	1980	0	0	-	0	0	0	0
0695-1964	6.95e+08	1964	0	0	-	0	0	0	0
0695-1948	6.95e+08	1948	0	0	-	0	0	0	0
0695-1932	6.95e+08	1932	0	0	-	0	0	0	0
0695-1916	6.95e+08	1916	0	0	-	0	0	0	0
0695-1900	6.95e+08	1900	0	0	-	0	0	0	0
0695-1884	6.95e+08	1884	0	0	-	0	0	0	0
0695-1868	6.95e+08	1868	0	0	-	0	0	0	0
0695-1852	6.95e+08	1852	0	0	-	0	0	0	0
0695-1836	6.95e+08	1836	0	0	-	0	0	0	0
0711-2572	7.11e+08	2572	0	10	2010	0	10	0	10
0711-2540	7.11e+08	2540	0	0	2011	0	0	0	0
0711-2524	7.11e+08	2524	0	0	2011	0	0	0	0
0711-2508	7.11e+08	2508	0	0	2011	0	0	0	0
0711-2492	7.11e+08	2492	0	0	2011	0	0	0	0
0711-2476	7.11e+08	2476	0	0	2012	0	0	0	0
0711-2460	7.11e+08	2460	0	0	2012	0	0	0	0
0711-2444	7.11e+08	2444	0	0	2012	0	0	0	0
0711-2428	7.11e+08	2428	0	0	2012	0	0	0	0
0711-2412	7.11e+08	2412	0	0	2012	0	0	0	0
0711-2396	7.11e+08	2396	0	0	2012	0	0	0	0
0711-2380	7.11e+08	2380	0	0	2012	0	0	0	0
0711-2364	7.11e+08	2364	0	0	2012	0	0	0	0
0711-2348	7.11e+08	2348	0	0	2012	0	0	0	0
0711-2332	7.11e+08	2332	0	0	2013	0	0	0	0
0711-2316	7.11e+08	2316	0	0	2013	0	0	0	0
0711-2300	7.11e+08	2300	0	0	2013	0	0	0	0
0711-2284	7.11e+08	2284	0	0	2013	0	0	0	0
0711-2268	7.11e+08	2268	0	0	2014	0	0	0	0
0711-2252	7.11e+08	2252	0	0	2014	0	0	0	0
0711-2236	7.11e+08	2236	0	0	2014	0	0	0	0
0711-2220	7.11e+08	2220	0	0	2014	0	0	0	0
0711-2204	7.11e+08	2204	0	0	2014	0	0	0	0
0711-2188	7.11e+08	2188	0	0	2013	0	0	0	0
0711-2172	7.11e+08	2172	0	0	2013	0	0	0	0
0711-2156	7.11e+08	2156	0	0	2013	0	0	0	0
0711-2140	7.11e+08	2140	0	0	2013	0	0	0	0
0711-2124	7.11e+08	2124	0	0	2012	0	0	0	0
0711-2108	7.11e+08	2108	0	0	2014	0	0	0	0
0711-2092	7.11e+08	2092	0	0	2014	0	0	0	0
0711-2076	7.11e+08	2076	0	0	2014	0	0	0	0
0711-2060	7.11e+08	2060	0	0	2014	0	0	0	0
0711-2044	7.11e+08	2044	0	0	2014	0	0	0	0
0711-2028	7.11e+08	2028	0	0	2015	0	0	0	0
0711-2012	7.11e+08	2012	0	0	2015	0	0	0	0
0711-1996	7.11e+08	1996	0	0	2015	0	0	0	0
0711-1980	7.11e+08	1980	0	0	2016	0	0	0	0
0711-1964	7.11e+08	1964	0	0	-	0	0	0	0
0711-1948	7.11e+08	1948	0	0	-	0	0	0	0
0711-1932	7.11e+08	1932	0	0	-	0	0	0	0
0711-1916	7.11e+08	1916	0	0	-	0	0	0	0
0711-1900	7.11e+08	1900	0	0	-	0	0	0	0
0711-1884	7.11e+08	1884	0	0	-	0	0	0	0
0711-1868	7.11e+08	1868	0	0	-	0	0	0	0
0711-1852	7.11e+08	1852	0	0	-	0	0	0	0
0711-1836	7.11e+08	1836	0	0	-	0	0	0	0
0727-2540	7.27e+08	2540	0	0	2011	0	0	0	0
0727-2524	7.27e+08	2524	0	0	2011	0	0	0	0
0727-2508	7.27e+08	2508	0	0	2012	0	0	0	0
0727-2492	7.27e+08	2492	0	0	2011	0	0	0	0
0727-2476	7.27e+08	2476	0	0	2012	0	0	0	0
0727-2460	7.27e+08	2460	0	0	2011	0	0	0	0
0727-2444	7.27e+08	2444	0	0	2012	0	0	0	0
0727-2428	7.27e+08	2428	0	0	2011	0	0	0	0
0727-2412	7.27e+08	2412	0	0	2011	0	0	0	0
0727-2396	7.27e+08	2396	0	0	2011	0	0	0	0
0727-2380	7.27e+08	2380	0	0	2012	0	0	0	0
0727-2364	7.27e+08	2364	0	0	2012	0	0	0	0
0727-2348	7.27e+08	2348	0	0	2012	0	0	0	0
0727-2332	7.27e+08	2332	0	0	2012	0	0	0	0
0727-2316	7.27e+08	2316	0	0	2013	0	0	0	0
0727-2300	7.27e+08	2300	0	0	2013	0	0	0	0
0727-2284	7.27e+08	2284	0	0	2013	0	0	0	0
0727-2268	7.27e+08	2268	0	0	2014	0	0	0	0
0727-2252	7.27e+08	2252	0	0	2012	0	0	0	0
0727-2236	7.27e+08	2236	0	0	2013	0	0	0	0
0727-2220	7.27e+08	2220	0	0	2014	0	0	0	0
0727-2204	7.27e+08	2204	0	0	2014	0	0	0	0
0727-2188	7.27e+08	2188	0	0	2013	0	0	0	0
0727-2172	7.27e+08	2172	0	0	2014	0	0	0	0
0727-2156	7.27e+08	2156	0	0	2014	0	0	0	0
0727-2140	7.27e+08	2140	0	0	2013	0	0	0	0
0727-2124	7.27e+08	2124	0	0	2013	0	0	0	0
0727-2108	7.27e+08	2108	0	0	2013	0	0	0	0
0727-2092	7.27e+08	2092	0	0	2014	0	0	0	0
0727-2076	7.27e+08	2076	0	0	2014	0	0	0	0
0727-2060	7.27e+08	2060	0	0	2014	0	0	0	0
0727-2044	7.27e+08	2044	0	0	2014	0	0	0	0
0727-2028	7.27e+08	2028	0	0	2015	0	0	0	0
0727-2012	7.27e+08	2012	0	0	2016	0	0	0	0
0727-1996	7.27e+08	1996	0	0	2015	0	0	0	0
0727-1980	7.27e+08	1980	0	0	2015	0	0	0	0
0727-1964	7.27e+08	1964	0	0	-	0	0	0	0
0727-1948	7.27e+08	1948	0	0	-	0	0	0	0
0727-1932	7.27e+08	1932	0	0	-	0	0	0	0
0727-1916	7.27e+08	1916	0	0	-	0	0	0	0
0727-1900	7.27e+08	1900	0	0	-	0	0	0	0
0727-1884	7.27e+08	1884	0	0	-	0	0	0	0
0727-1868	7.27e+08	1868	0	0	-	0	0	0	0
0727-1852	7.27e+08	1852	0	0	-	0	0	0	0
0743-2540	7.43e+08	2540	0	0	2011	0	0	0	0
0743-2524	7.43e+08	2524	0	0	2011	0	0	0	0
0743-2508	7.43e+08	2508	0	0	2012	0	0	0	0
0743-2492	7.43e+08	2492	0	0	2011	0	0	0	0
0743-2476	7.43e+08	2476	0	0	2012	0	0	0	0
0743-2460	7.43e+08	2460	0	0	2012	0	0	0	0
0743-2444	7.43e+08	2444	0	0	2012	0	0	0	0
0743-2428	7.43e+08	2428	0	0	2011	0	0	0	0
0743-2412	7.43e+08	2412	0	0	2011	0	0	0	0
0743-2396	7.43e+08	2396	0	0	2011	0	0	0	0
0743-2380	7.43e+08	2380	0	0	2012	0	0	0	0
0743-2364	7.43e+08	2364	0	0	2012	0	0	0	0
0743-2348	7.43e+08	2348	0	0	2012	0	0	0	0
0743-2332	7.43e+08	2332	0	0	2012	0	0	0	0
0743-2316	7.43e+08	2316	0	0	2012	0	0	0	0
0743-2300	7.43e+08	2300	0	0	2012	0	0	0	0
0743-2284	7.43e+08	2284	0	0	2012	0	0	0	0
0743-2268	7.43e+08	2268	0	0	2013	0	0	0	0
0743-2252	7.43e+08	2252	0	0	2013	0	0	0	0
0743-2236	7.43e+08	2236	0	0	2012	0	0	0	0
0743-2220	7.43e+08	2220	0	0	2013	0	0	0	0
0743-2204	7.43e+08	2204	0	0	2014	0	0	0	0
0743-2188	7.43e+08	2188	0	0	2013	0	0	0	0
0743-2172	7.43e+08	2172	0	0	2012	0	0	0	0
0743-2156	7.43e+08	2156	0	0	2013	0	0	0	0
0743-2140	7.43e+08	2140	0	0	2012	0	0	0	0
0743-2124	7.43e+08	2124	0	0	2013	0	0	0	0
0743-2108	7.43e+08	2108	0	0	2014	0	0	0	0
0743-2092	7.43e+08	2092	0	0	2014	0	0	0	0
0743-2076	7.43e+08	2076	0	0	2013	0	0	0	0
0743-2060	7.43e+08	2060	0	0	2015	0	0	0	0
0743-2044	7.43e+08	2044	0	0	2015	0	0	0	0
0743-2028	7.43e+08	2028	0	0	2015	0	0	0	0
0743-2012	7.43e+08	2012	0	0	2015	0	0	0	0
0743-1996	7.43e+08	1996	0	0	2015	0	0	0	0
0743-1980	7.43e+08	1980	0	0	2015	0	0	0	0
0743-1964	7.43e+08	1964	0	0	-	0	0	0	0
0743-1948	7.43e+08	1948	0	0	-	0	0	0	0
0743-1932	7.43e+08	1932	0	0	-	0	0	0	0
0743-1916	7.43e+08	1916	0	0	-	0	0	0	0
0743-1900	7.43e+08	1900	0	0	-	0	0	0	0
0743-1884	7.43e+08	1884	0	0	-	0	0	0	0
0743-1868	7.43e+08	1868	0	0	-	0	0	0	0
0743-1852	7.43e+08	1852	0	0	-	0	0	0	0
0759-2540	7.59e+08	2540	0	0	2011	0	0	0	0
0759-2524	7.59e+08	2524	0	0	2011	0	0	0	0
0759-2508	7.59e+08	2508	0	0	2012	0	0	0	0
0759-2492	7.59e+08	2492	0	0	2012	0	0	0	0
0759-2476	7.59e+08	2476	0	0	2011	0	0	0	0
0759-2460	7.59e+08	2460	0	0	2011	0	0	0	0
0759-2444	7.59e+08	2444	0	0	2011	0	0	0	0
0759-2428	7.59e+08	2428	0	0	2011	0	0	0	0
0759-2412	7.59e+08	2412	0	0	2011	0	0	0	0
0759-2396	7.59e+08	2396	0	0	2011	0	0	0	0
0759-2380	7.59e+08	2380	0	0	2011	0	0	0	0
0759-2364	7.59e+08	2364	0	0	2012	0	0	0	0
0759-2348	7.59e+08	2348	0	0	2012	0	0	0	0
0759-2332	7.59e+08	2332	0	0	2012	0	0	0	0
0759-2316	7.59e+08	2316	0	0	2012	0	0	0	0
0759-2300	7.59e+08	2300	0	0	2012	0	0	0	0
0759-2284	7.59e+08	2284	0	0	2012	0	0	0	0
0759-2268	7.59e+08	2268	0	0	2012	0	0	0	0
0759-2252	7.59e+08	2252	0	0	2012	0	0	0	0
0759-2236	7.59e+08	2236	0	0	2013	0	0	0	0
0759-2220	7.59e+08	2220	0	0	2012	0	0	0	0
0759-2204	7.59e+08	2204	0	0	2013	0	0	0	0
0759-2188	7.59e+08	2188	0	0	2012	0	0	0	0
0759-2172	7.59e+08	2172	0	0	2012	0	0	0	0
0759-2156	7.59e+08	2156	0	0	2012	0	0	0	0
0759-2140	7.59e+08	2140	0	0	2012	0	0	0	0
0759-2124	7.59e+08	2124	0	0	2012	0	0	0	0
0759-2108	7.59e+08	2108	0	0	2015	0	0	0	0
0759-2092	7.59e+08	2092	0	0	2015	0	0	0	0
0759-2076	7.59e+08	2076	0	0	2015	0	0	0	0
0759-2060	7.59e+08	2060	0	0	2015	0	0	0	0
0759-2044	7.59e+08	2044	0	0	2015	0	0	0	0
0759-2028	7.59e+08	2028	0	0	2015	0	0	0	0
0759-2012	7.59e+08	2012	0	0	2015	0	0	0	0
0759-1996	7.59e+08	1996	0	0	2016	0	0	0	0
0759-1980	7.59e+08	1980	0	0	2016	0	0	0	0
0759-1964	7.59e+08	1964	0	0	2017	0	0	0	0
0759-1948	7.59e+08	1948	0	0	-	0	0	0	0
0759-1932	7.59e+08	1932	0	0	2014	0	0	0	0
0759-1916	7.59e+08	1916	0	0	-	0	0	0	0
0759-1900	7.59e+08	1900	0	0	-	0	0	0	0
0759-1884	7.59e+08	1884	0	0	-	0	0	0	0
0759-1868	7.59e+08	1868	0	0	-	0	0	0	0
0759-1852	7.59e+08	1852	0	0	-	0	0	0	0
0775-2524	7.75e+08	2524	0	0	2011	0	0	0	0
0775-2508	7.75e+08	2508	0	0	2011	0	0	0	0
0775-2492	7.75e+08	2492	0	0	2012	0	0	0	0
0775-2476	7.75e+08	2476	0	0	2012	0	0	0	0
0775-2460	7.75e+08	2460	0	0	2012	0	0	0	0
0775-2444	7.75e+08	2444	0	0	2011	0	0	0	0
0775-2428	7.75e+08	2428	0	0	2011	0	0	0	0
0775-2412	7.75e+08	2412	0	0	2012	0	0	0	0
0775-2396	7.75e+08	2396	0	0	2009	0	0	0	1
0775-2380	7.75e+08	2380	0	0	2011	0	0	0	0
0775-2364	7.75e+08	2364	0	0	2012	0	0	0	0
0775-2348	7.75e+08	2348	0	0	2012	0	0	0	0
0775-2332	7.75e+08	2332	0	0	2012	0	0	0	0
0775-2316	7.75e+08	2316	0	0	2011	0	0	0	0
0775-2300	7.75e+08	2300	0	0	2012	0	0	0	0
0775-2284	7.75e+08	2284	0	0	2012	0	0	0	0
0775-2268	7.75e+08	2268	0	0	2011	0	0	0	0
0775-2252	7.75e+08	2252	0	0	2011	0	0	0	0
0775-2236	7.75e+08	2236	0	0	2012	0	0	0	0
0775-2220	7.75e+08	2220	0	0	2012	0	0	0	0
0775-2204	7.75e+08	2204	0	0	2013	0	0	0	0
0775-2188	7.75e+08	2188	0	0	2012	0	0	0	0
0775-2172	7.75e+08	2172	0	0	2012	0	0	0	0
0775-2156	7.75e+08	2156	0	0	2012	0	0	0	0
0775-2140	7.75e+08	2140	0	0	2011	0	0	0	0
0775-2124	7.75e+08	2124	0	0	2013	0	0	0	0
0775-2108	7.75e+08	2108	0	0	2013	0	0	0	0
0775-2092	7.75e+08	2092	0	0	2013	0	0	0	0
0775-2076	7.75e+08	2076	0	0	2013	0	0	0	0
0775-2060	7.75e+08	2060	0	0	2015	0	0	0	0
0775-2044	7.75e+08	2044	0	0	2015	0	0	0	0
0775-2028	7.75e+08	2028	0	0	2015	0	0	0	0
0775-2012	7.75e+08	2012	0	0	2015	0	0	0	0
0775-1996	7.75e+08	1996	0	0	2015	0	0	0	0
0775-1980	7.75e+08	1980	0	0	2015	0	0	0	0
0775-1964	7.75e+08	1964	0	0	2016	0	0	0	0
0775-1948	7.75e+08	1948	0	0	-	0	0	0	0
0775-1932	7.75e+08	1932	0	0	-	0	0	0	0
0775-1916	7.75e+08	1916	0	0	-	0	0	0	0
0551-2652	5.51e+08	2652	0	0	2011	0	0	0	0
0567-2668	5.67e+08	2668	0	0	2011	0	0	0	0
0583-2668	5.83e+08	2668	0	0	2011	0	0	0	0
0599-2668	5.99e+08	2668	0	0	2011	0	0	0	0
0615-2668	6.15e+08	2668	0	10	2011	0	10	0	10
0615-2652	6.15e+08	2652	0	10	2011	0	10	0	10
0631-2636	6.31e+08	2636	0	10	2011	0	10	0	10
0647-2652	6.47e+08	2652	0	0	2011	0	0	0	0
0647-2636	6.47e+08	2636	0	10	2011	0	10	0	10
0663-2652	6.63e+08	2652	0	0	2011	0	0	0	0
0663-2636	6.63e+08	2636	0	10	2011	0	10	0	10
0663-2620	6.63e+08	2620	0	10	2011	0	10	0	10
0695-2604	6.95e+08	2604	0	20	2011	0	20	0	20
0711-2588	7.11e+08	2588	0	20	2010	0	20	0	20
0727-2588	7.27e+08	2588	0	20	2010	0	20	0	20
0727-2572	7.27e+08	2572	0	20	2010	0	20	0	20
0727-2556	7.27e+08	2556	0	10	2010	0	10	0	10
0743-2556	7.43e+08	2556	0	0	2011	0	0	0	0
0759-2556	7.59e+08	2556	0	0	2011	0	0	0	0
0775-2572	7.75e+08	2572	0	0	2011	0	0	0	0
0775-2556	7.75e+08	2556	0	0	2011	0	0	0	0
0775-1900	7.75e+08	1900	0	0	-	0	0	0	0
0775-1884	7.75e+08	1884	0	0	-	0	0	0	0
0775-1868	7.75e+08	1868	0	0	-	0	0	0	0
0775-1852	7.75e+08	1852	0	0	-	0	0	0	0
0791-2524	7.91e+08	2524	0	0	2011	0	0	0	0
0791-2508	7.91e+08	2508	0	0	2011	0	0	0	0
0791-2492	7.91e+08	2492	0	0	2011	0	0	0	0
0791-2476	7.91e+08	2476	0	0	2011	0	0	0	0
0791-2460	7.91e+08	2460	0	0	2011	0	0	0	0
0791-2444	7.91e+08	2444	0	0	2011	0	0	0	0
0791-2428	7.91e+08	2428	0	0	2011	0	0	0	0
0791-2412	7.91e+08	2412	0	0	2011	0	0	0	0
0791-2396	7.91e+08	2396	0	0	2011	0	0	0	0
0791-2380	7.91e+08	2380	0	0	2011	0	0	0	0
0791-2364	7.91e+08	2364	0	0	2011	0	0	0	0
0791-2348	7.91e+08	2348	0	0	2010	0	0	0	0
0791-2332	7.91e+08	2332	0	0	2011	0	0	0	0
0791-2316	7.91e+08	2316	0	0	2011	0	0	0	0
0791-2300	7.91e+08	2300	0	0	2012	0	0	0	0
0791-2284	7.91e+08	2284	0	0	2012	0	0	0	0
0791-2268	7.91e+08	2268	0	0	2010	0	0	0	0
0791-2252	7.91e+08	2252	0	0	2011	0	0	0	0
0791-2236	7.91e+08	2236	0	0	2011	0	0	0	0
0791-2220	7.91e+08	2220	0	0	2012	0	0	0	0
0791-2204	7.91e+08	2204	0	0	2011	0	0	0	0
0791-2188	7.91e+08	2188	0	0	2012	0	0	0	0
0791-2172	7.91e+08	2172	0	0	2012	0	0	0	0
0791-2156	7.91e+08	2156	0	0	2012	0	0	0	0
0791-2140	7.91e+08	2140	0	0	-	0	0	0	0
0791-2124	7.91e+08	2124	0	0	-	0	0	0	0
0791-2108	7.91e+08	2108	0	0	2014	0	0	0	0
0791-2092	7.91e+08	2092	0	0	-	0	0	0	0
0791-2076	7.91e+08	2076	0	0	-	0	0	0	0
0791-2060	7.91e+08	2060	0	0	2015	0	0	0	0
0791-2044	7.91e+08	2044	0	0	2015	0	0	0	0
0791-2028	7.91e+08	2028	0	0	-	0	0	0	0
0791-2012	7.91e+08	2012	0	0	-	0	0	0	0
0791-1996	7.91e+08	1996	0	0	2017	0	0	0	0
0791-1980	7.91e+08	1980	0	0	-	0	0	0	0
0791-1964	7.91e+08	1964	0	0	-	0	0	0	0
0791-1948	7.91e+08	1948	0	0	-	0	0	0	0
0791-1932	7.91e+08	1932	0	0	-	0	0	0	0
0791-1916	7.91e+08	1916	0	0	-	0	0	0	0
0791-1900	7.91e+08	1900	0	0	-	0	0	0	0
0791-1884	7.91e+08	1884	0	0	-	0	0	0	0
0791-1868	7.91e+08	1868	0	0	-	0	0	0	0
0791-1852	7.91e+08	1852	0	0	-	0	0	0	0
0791-1836	7.91e+08	1836	0	0	-	0	0	0	0
0807-2508	8.07e+08	2508	0	0	2012	0	0	0	0
0807-2492	8.07e+08	2492	0	0	2011	0	0	0	0
0807-2476	8.07e+08	2476	0	0	2011	0	0	0	0
0807-2460	8.07e+08	2460	0	0	2011	0	0	0	0
0807-2444	8.07e+08	2444	0	0	2011	0	0	0	0
0807-2428	8.07e+08	2428	0	0	2011	0	0	0	0
0807-2412	8.07e+08	2412	0	0	2010	0	0	0	0
0807-2396	8.07e+08	2396	0	0	2011	0	0	0	0
0807-2380	8.07e+08	2380	0	0	2011	0	0	0	0
0807-2364	8.07e+08	2364	0	0	2010	0	0	0	0
0807-2348	8.07e+08	2348	0	0.666666666666667	2009	0	1	0	1
0807-2332	8.07e+08	2332	0	0	2010	0	0	0	1
0807-2316	8.07e+08	2316	0	0	2009	0	0	0	1
0807-2300	8.07e+08	2300	0	0	2010	0	0	0	0
0807-2284	8.07e+08	2284	0	0	2011	0	0	0	0
0807-2268	8.07e+08	2268	0	0	2010	0	0	0	0
0807-2252	8.07e+08	2252	0	0	2010	0	0	0	0
0807-2236	8.07e+08	2236	0	0	2010	0	0	0	0
0807-2220	8.07e+08	2220	0	0	2009	0	0	0	1
0807-2204	8.07e+08	2204	0	0	2011	0	0	0	0
0807-2188	8.07e+08	2188	0	0	2011	0	0	0	0
0807-2172	8.07e+08	2172	0	0	2012	0	0	0	0
0807-2156	8.07e+08	2156	0	0	2013	0	0	0	0
0807-2140	8.07e+08	2140	0	0	2014	0	0	0	0
0807-2124	8.07e+08	2124	0	0	-	0	0	0	0
0807-2108	8.07e+08	2108	0	0	2012	0	0	0	0
0807-2092	8.07e+08	2092	0	0	2015	0	0	0	0
0807-2076	8.07e+08	2076	0	0	2014	0	0	0	0
0807-2060	8.07e+08	2060	0	0	2015	0	0	0	0
0807-2044	8.07e+08	2044	0	0	-	0	0	0	0
0807-2028	8.07e+08	2028	0	0	2015	0	0	0	0
0807-2012	8.07e+08	2012	0	0	2015	0	0	0	0
0807-1996	8.07e+08	1996	0	0	-	0	0	0	0
0807-1980	8.07e+08	1980	0	0	2015	0	0	0	0
0807-1964	8.07e+08	1964	0	0	2015	0	0	0	0
0807-1948	8.07e+08	1948	0	0	-	0	0	0	0
0807-1932	8.07e+08	1932	0	0	-	0	0	0	0
0807-1916	8.07e+08	1916	0	0	-	0	0	0	0
0807-1900	8.07e+08	1900	0	0	-	0	0	0	0
0807-1884	8.07e+08	1884	0	0	-	0	0	0	0
0807-1868	8.07e+08	1868	0	0	-	0	0	0	0
0807-1852	8.07e+08	1852	0	0	-	0	0	0	0
0807-1836	8.07e+08	1836	0	0	-	0	0	0	0
0823-2492	8.23e+08	2492	0	0	2011	0	0	0	0
0823-2476	8.23e+08	2476	0	0	2011	0	0	0	0
0823-2460	8.23e+08	2460	0	0	2011	0	0	0	0
0823-2444	8.23e+08	2444	0	0	2011	0	0	0	0
0823-2428	8.23e+08	2428	0	0	2011	0	0	0	0
0823-2412	8.23e+08	2412	0	0	2011	0	0	0	0
0823-2396	8.23e+08	2396	0	0	2011	0	0	0	0
0823-2380	8.23e+08	2380	0	0	2011	0	0	0	0
0823-2364	8.23e+08	2364	0	0	2010	0	0	0	0
0823-2348	8.23e+08	2348	0	0	2010	0	0	0	1
0823-2332	8.23e+08	2332	0	1	2009	0	1	0	1
0823-2316	8.23e+08	2316	0	0	2010	0	0	0	1
0823-2300	8.23e+08	2300	0	0	2009	0	0	0	1
0823-2284	8.23e+08	2284	0	0	2010	0	0	0	1
0823-2268	8.23e+08	2268	0	1	2009	0	1	0	1
0823-2252	8.23e+08	2252	0	0	2010	0	0	0	1
0823-2236	8.23e+08	2236	0	0.333333333333333	2009	0	0.3	0	1
0823-2220	8.23e+08	2220	0	0	2010	0	0	0	0
0823-2204	8.23e+08	2204	0	0	2011	0	0	0	0
0823-2188	8.23e+08	2188	0	0	2012	0	0	0	0
0823-2172	8.23e+08	2172	0	0	2012	0	0	0	0
0823-2156	8.23e+08	2156	0	0	2013	0	0	0	0
0823-2140	8.23e+08	2140	0	0	2012	0	0	0	0
0823-2124	8.23e+08	2124	0	0	2012	0	0	0	0
0823-2108	8.23e+08	2108	0	0	2012	0	0	0	0
0823-2092	8.23e+08	2092	0	0	2012	0	0	0	0
0823-2076	8.23e+08	2076	0	0	2013	0	0	0	0
0823-2060	8.23e+08	2060	0	0	2013	0	0	0	0
0823-2044	8.23e+08	2044	0	0	-	0	0	0	0
0823-2028	8.23e+08	2028	0	0	2015	0	0	0	0
0823-2012	8.23e+08	2012	0	0	2015	0	0	0	0
0823-1996	8.23e+08	1996	0	0	2014	0	0	0	0
0823-1980	8.23e+08	1980	0	0	2015	0	0	0	0
0823-1964	8.23e+08	1964	0	0	2015	0	0	0	0
0823-1948	8.23e+08	1948	0	0	2017	0	0	0	0
0823-1932	8.23e+08	1932	0	0	-	0	0	0	0
0823-1916	8.23e+08	1916	0	0	-	0	0	0	0
0823-1900	8.23e+08	1900	0	0	-	0	0	0	0
0823-1884	8.23e+08	1884	0	0	-	0	0	0	0
0823-1868	8.23e+08	1868	0	0	-	0	0	0	0
0823-1852	8.23e+08	1852	0	0	-	0	0	0	0
0823-1836	8.23e+08	1836	0	0	-	0	0	0	0
0839-2492	8.39e+08	2492	0	0	2011	0	0	0	0
0839-2476	8.39e+08	2476	0	0	2011	0	0	0	0
0839-2460	8.39e+08	2460	0	0	2010	0	0	0	0
0839-2444	8.39e+08	2444	0	0	2011	0	0	0	0
0839-2412	8.39e+08	2412	0	0	2011	0	0	0	0
0839-2396	8.39e+08	2396	0	0	2011	0	0	0	0
0839-2380	8.39e+08	2380	0	0	2010	0	0	0	0
0839-2364	8.39e+08	2364	0	0	2010	0	0	0	0
0839-2348	8.39e+08	2348	0	0	2009	0	0	0	1
0839-2332	8.39e+08	2332	0	10	2009	0	5	0	5
0839-2316	8.39e+08	2316	0	10	2009	0	10	0	10
0839-2300	8.39e+08	2300	0	10	2009	0	10	0	10
0839-2284	8.39e+08	2284	0	10	2009	0	10	5	10
0839-2268	8.39e+08	2268	0	10	2009	0	5	5	5
0839-2252	8.39e+08	2252	0	0	2010	0	0	0	1
0839-2236	8.39e+08	2236	0	0	2010	0	0	0	0
0839-2220	8.39e+08	2220	0	0	2011	0	0	0	0
0839-2204	8.39e+08	2204	0	0	2011	0	0	0	0
0839-2188	8.39e+08	2188	0	0	2011	0	0	0	0
0839-2172	8.39e+08	2172	0	0	2011	0	0	0	0
0839-2156	8.39e+08	2156	0	0	2012	0	0	0	0
0839-2140	8.39e+08	2140	0	0	2013	0	0	0	0
0839-2124	8.39e+08	2124	0	0	2012	0	0	0	0
0839-2108	8.39e+08	2108	0	0	2012	0	0	0	0
0839-2092	8.39e+08	2092	0	0	2012	0	0	0	0
0839-2076	8.39e+08	2076	0	0	2013	0	0	0	0
0839-2060	8.39e+08	2060	0	0	2012	0	0	0	0
0839-2044	8.39e+08	2044	0	0	2013	0	0	0	0
0839-2028	8.39e+08	2028	0	0	2013	0	0	0	0
0839-2012	8.39e+08	2012	0	0	2011	0	0	0	0
0839-1996	8.39e+08	1996	0	0	2015	0	0	0	0
0839-1980	8.39e+08	1980	0	0	2015	0	0	0	0
0839-1964	8.39e+08	1964	0	0	2015	0	0	0	0
0839-1948	8.39e+08	1948	0	0	2015	0	0	0	0
0839-1932	8.39e+08	1932	0	0	-	0	0	0	0
0839-1916	8.39e+08	1916	0	0	-	0	0	0	0
0839-1900	8.39e+08	1900	0	0	-	0	0	0	0
0839-1884	8.39e+08	1884	0	0	-	0	0	0	0
0839-1868	8.39e+08	1868	0	0	-	0	0	0	0
0839-1852	8.39e+08	1852	0	0	-	0	0	0	0
0839-1836	8.39e+08	1836	0	0	-	0	0	0	0
0855-2492	8.55e+08	2492	0	0	2011	0	0	0	0
0855-2476	8.55e+08	2476	0	0	2011	0	0	0	0
0855-2460	8.55e+08	2460	0	0	2011	0	0	0	0
0855-2444	8.55e+08	2444	0	0	2011	0	0	0	0
0855-2428	8.55e+08	2428	0	0	2012	0	0	0	0
0855-2412	8.55e+08	2412	0	0	2009	0	0	0	1
0855-2396	8.55e+08	2396	0	0.666666666666667	2009	0	1	0	1
0855-2380	8.55e+08	2380	0	0	2010	0	0	0	0
0855-2364	8.55e+08	2364	0	0	2009	0	0	0	1
0855-2348	8.55e+08	2348	0	20	2009	0	20	0	20
0855-2332	8.55e+08	2332	0	20	2010	0	20	0	20
0855-2316	8.55e+08	2316	20	40	2008	5	30	5	30
0855-2300	8.55e+08	2300	7.5	27.5	2009	5	30	5	30
0855-2284	8.55e+08	2284	0	20	2008	10	20	10	20
0855-2268	8.55e+08	2268	0	10	2009	0	5	5	5
0855-2252	8.55e+08	2252	0	0	2010	0	0	0	0
0855-2236	8.55e+08	2236	0	0	2010	0	0	0	0
0855-2220	8.55e+08	2220	0	0	2011	0	0	0	0
0855-2204	8.55e+08	2204	0	0	2011	0	0	0	0
0855-2188	8.55e+08	2188	0	0	2009	0	0	0	1
0855-2172	8.55e+08	2172	0	0	2012	0	0	0	0
0855-2156	8.55e+08	2156	0	0	2012	0	0	0	0
0855-2140	8.55e+08	2140	0	0	2010	0	0	0	0
0855-2124	8.55e+08	2124	0	0	2012	0	0	0	0
0855-2108	8.55e+08	2108	0	0	2012	0	0	0	0
0855-2092	8.55e+08	2092	0	0	2012	0	0	0	0
0855-2076	8.55e+08	2076	0	0	2012	0	0	0	0
0855-2060	8.55e+08	2060	0	0	2013	0	0	0	0
0855-2044	8.55e+08	2044	0	0	2013	0	0	0	0
0855-2028	8.55e+08	2028	0	0	2014	0	0	0	0
0855-2012	8.55e+08	2012	0	0	2015	0	0	0	0
0855-1996	8.55e+08	1996	0	0	2014	0	0	0	0
0855-1980	8.55e+08	1980	0	0	2015	0	0	0	0
0855-1964	8.55e+08	1964	0	0	2015	0	0	0	0
0855-1948	8.55e+08	1948	0	0	2015	0	0	0	0
0855-1932	8.55e+08	1932	0	0	-	0	0	0	0
0855-1916	8.55e+08	1916	0	0	-	0	0	0	0
0855-1900	8.55e+08	1900	0	0	-	0	0	0	0
0855-1884	8.55e+08	1884	0	0	-	0	0	0	0
0855-1868	8.55e+08	1868	0	0	-	0	0	0	0
0855-1852	8.55e+08	1852	0	0	-	0	0	0	0
0855-1836	8.55e+08	1836	0	0	-	0	0	0	0
0855-1820	8.55e+08	1820	0	0	-	0	0	0	0
0871-2492	8.71e+08	2492	0	0	2011	0	0	0	0
0871-2476	8.71e+08	2476	0	0	2011	0	0	0	0
0871-2460	8.71e+08	2460	0	0	2011	0	0	0	0
0871-2444	8.71e+08	2444	0	0	2011	0	0	0	0
0871-2428	8.71e+08	2428	0	0	2011	0	0	0	0
0871-2412	8.71e+08	2412	0	0	2009	0	0	0	1
0871-2396	8.71e+08	2396	0	0	2010	0	1	0	1
0871-2380	8.71e+08	2380	0	0	2010	0	0	0	1
0871-2364	8.71e+08	2364	0	0	2010	0	0	0	1
0871-2348	8.71e+08	2348	30	50	2008	5	20	5	20
0871-2332	8.71e+08	2332	45	65	2008	45	65	45	65
0871-2316	8.71e+08	2316	46	66	2008	46	66	46	66
0871-2300	8.71e+08	2300	40	60	2008	40	60	40	60
0871-2284	8.71e+08	2284	10	30	2009	5	30	5	30
0871-2268	8.71e+08	2268	0	10	2009	0	10	5	10
0871-2252	8.71e+08	2252	0	0	2010	0	0	0	1
0871-2236	8.71e+08	2236	0	0	2010	0	0	0	0
0871-2220	8.71e+08	2220	0	0	2011	0	0	0	0
0871-2204	8.71e+08	2204	0	0	2011	0	0	0	0
0871-2188	8.71e+08	2188	0	0	2012	0	0	0	0
0871-2172	8.71e+08	2172	0	0	2011	0	0	0	0
0871-2156	8.71e+08	2156	0	0	2012	0	0	0	0
0871-2140	8.71e+08	2140	0	0	2012	0	0	0	0
0871-2124	8.71e+08	2124	0	0	2012	0	0	0	0
0871-2108	8.71e+08	2108	0	0	2013	0	0	0	0
0871-2092	8.71e+08	2092	0	0	2012	0	0	0	0
0871-2076	8.71e+08	2076	0	0	2013	0	0	0	0
0871-2060	8.71e+08	2060	0	0	2013	0	0	0	0
0871-2044	8.71e+08	2044	0	0	2013	0	0	0	0
0871-2028	8.71e+08	2028	0	0	2013	0	0	0	0
0871-2012	8.71e+08	2012	0	0	2015	0	0	0	0
0871-1996	8.71e+08	1996	0	0	2015	0	0	0	0
0871-1980	8.71e+08	1980	0	0	2014	0	0	0	0
0871-1964	8.71e+08	1964	0	0	2015	0	0	0	0
0871-1948	8.71e+08	1948	0	0	2017	0	0	0	0
0871-1932	8.71e+08	1932	0	0	-	0	0	0	0
0871-1916	8.71e+08	1916	0	0	-	0	0	0	0
0871-1900	8.71e+08	1900	0	0	-	0	0	0	0
0871-1884	8.71e+08	1884	0	0	-	0	0	0	0
0871-1868	8.71e+08	1868	0	0	-	0	0	0	0
0871-1852	8.71e+08	1852	0	0	-	0	0	0	0
0871-1836	8.71e+08	1836	0	0	-	0	0	0	0
0871-1820	8.71e+08	1820	0	0	-	0	0	0	0
0887-2492	8.87e+08	2492	0	0.25	2009	0	0.3	0	1
0887-2476	8.87e+08	2476	0	0	2011	0	0	0	0
0887-2460	8.87e+08	2460	0	0	2011	0	0	0	0
0887-2444	8.87e+08	2444	0	0	2010	0	0	0	1
0887-2428	8.87e+08	2428	0	0	2009	0	0	0	1
0887-2412	8.87e+08	2412	0	0	2009	0	0	0	1
0887-2396	8.87e+08	2396	0	5.5	2009	0	5.5	0	5.5
0887-2380	8.87e+08	2380	0	13	2009	0	13	0	13
0887-2364	8.87e+08	2364	20	40	2008	20	40	20	40
0887-2348	8.87e+08	2348	60	80	2008	40	65	40	65
0887-2332	8.87e+08	2332	60	80	2008	60	80	60	80
0887-2316	8.87e+08	2316	60	80	2008	60	80	60	80
0887-2300	8.87e+08	2300	60	80	2008	10	30	10	30
0887-2284	8.87e+08	2284	10	30	2009	5	25	5	25
0887-2268	8.87e+08	2268	0	10	2010	0	10	0	10
0887-2252	8.87e+08	2252	0	0	2009	0	0	0	1
0887-2236	8.87e+08	2236	0	0	2010	0	0	0	0
0887-2220	8.87e+08	2220	0	0	2011	0	0	0	0
0887-2204	8.87e+08	2204	0	0	2012	0	0	0	0
0887-2124	8.87e+08	2124	0	0	2013	0	0	0	0
0887-2108	8.87e+08	2108	0	0	2013	0	0	0	0
0887-2092	8.87e+08	2092	0	0	2013	0	0	0	0
0887-2076	8.87e+08	2076	0	0	2013	0	0	0	0
0887-2060	8.87e+08	2060	0	0	2013	0	0	0	0
0887-2044	8.87e+08	2044	0	0	2012	0	0	0	0
0887-2028	8.87e+08	2028	0	0	2014	0	0	0	0
0887-2012	8.87e+08	2012	0	0	2015	0	0	0	0
0887-1996	8.87e+08	1996	0	0	-	0	0	0	0
0887-1980	8.87e+08	1980	0	0	2015	0	0	0	0
0887-1964	8.87e+08	1964	0	0	2016	0	0	0	0
0887-1948	8.87e+08	1948	0	0	-	0	0	0	0
0887-1932	8.87e+08	1932	0	0	-	0	0	0	0
0887-1916	8.87e+08	1916	0	0	-	0	0	0	0
0887-1900	8.87e+08	1900	0	0	-	0	0	0	0
0887-1884	8.87e+08	1884	0	0	-	0	0	0	0
0887-1868	8.87e+08	1868	0	0	-	0	0	0	0
0887-1852	8.87e+08	1852	0	0	-	0	0	0	0
0887-1836	8.87e+08	1836	0	0	-	0	0	0	0
0887-1820	8.87e+08	1820	0	0	-	0	0	0	0
0903-2476	9.03e+08	2476	0	0	2010	0	0	0	1
0903-2460	9.03e+08	2460	0	10	2009	0	5	0	5
0903-2444	9.03e+08	2444	0	15	2009	0	15	0	15
0903-2428	9.03e+08	2428	0	20	2009	0	20	0	20
0903-2412	9.03e+08	2412	0	2	2009	0	2	0	2
0903-2396	9.03e+08	2396	0	20	2009	0	20	0	20
0903-2380	9.03e+08	2380	20	40	2009	20	40	20	40
0903-2364	9.03e+08	2364	20	40	2009	20	40	20	40
0903-2348	9.03e+08	2348	60	80	2008	40	65	40	65
0903-2332	9.03e+08	2332	60	80	2008	60	80	60	80
0903-2316	9.03e+08	2316	60.5555555555556	80.5555555555556	2008	60.6	80.6	60	80
0903-2300	9.03e+08	2300	60	80	2008	10	30	10	30
0903-2284	9.03e+08	2284	30	50	2008	5	25	5	25
0903-2268	9.03e+08	2268	30	50	2008	5	25	5	25
0903-2252	9.03e+08	2252	5	25	2009	5	25	5	25
0903-2236	9.03e+08	2236	0	0	2009	0	5	0	5
0903-2220	9.03e+08	2220	0	0.5	2009	0	1	0	1
0903-2124	9.03e+08	2124	0	0	2013	0	0	0	0
0903-2108	9.03e+08	2108	0	0	2013	0	0	0	0
0903-2092	9.03e+08	2092	0	0	2013	0	0	0	0
0903-2076	9.03e+08	2076	0	0	2013	0	0	0	0
0903-2060	9.03e+08	2060	0	0	2013	0	0	0	0
0903-2044	9.03e+08	2044	0	0	2013	0	0	0	0
0903-2028	9.03e+08	2028	0	0	2014	0	0	0	0
0903-2012	9.03e+08	2012	0	0	2016	0	0	0	0
0903-1996	9.03e+08	1996	0	0	-	0	0	0	0
0903-1980	9.03e+08	1980	0	0	2016	0	0	0	0
0903-1964	9.03e+08	1964	0	0	2016	0	0	0	0
0903-1948	9.03e+08	1948	0	0	2017	0	0	0	0
0903-1932	9.03e+08	1932	0	0	-	0	0	0	0
0903-1916	9.03e+08	1916	0	0	-	0	0	0	0
0903-1900	9.03e+08	1900	0	0	-	0	0	0	0
0903-1884	9.03e+08	1884	0	0	-	0	0	0	0
0903-1868	9.03e+08	1868	0	0	-	0	0	0	0
0903-1852	9.03e+08	1852	0	0	-	0	0	0	0
0903-1836	9.03e+08	1836	0	0	-	0	0	0	0
0903-1820	9.03e+08	1820	0	0	-	0	0	0	0
0903-1804	9.03e+08	1804	0	0	-	0	0	0	0
0919-2460	9.19e+08	2460	15	35	2009	5	25	5	25
0919-2444	9.19e+08	2444	30	50	2009	25	40	25	40
0919-2428	9.19e+08	2428	2.5	22.5	2009	2.5	22.5	2.5	22.5
0919-2412	9.19e+08	2412	0	16.25	2009	0	16.3	0	16.25
0919-2396	9.19e+08	2396	0	20	2009	0	20	0	20
0919-2380	9.19e+08	2380	15	35	2009	15	35	15	35
0919-2364	9.19e+08	2364	46.6666666666667	66.6666666666667	2008	40	65	40	65
0919-2348	9.19e+08	2348	45	65	2009	45	65	45	65
0919-2332	9.19e+08	2332	45	65	2008	45	65	45	65
0919-2316	9.19e+08	2316	60	80	2008	25	65	25	65
0919-2300	9.19e+08	2300	60	65	2008	25	40	25	40
0919-2284	9.19e+08	2284	40	60	2009	25	50	25	50
0919-2268	9.19e+08	2268	30	50	2009	5	25	5	25
0919-2252	9.19e+08	2252	5	25	2009	5	25	5	25
0919-2156	9.19e+08	2156	0	0	2012	0	0	0	0
0919-2140	9.19e+08	2140	0	0	2013	0	0	0	0
0919-2124	9.19e+08	2124	0	0	2013	0	0	0	0
0919-2108	9.19e+08	2108	0	0	2013	0	0	0	0
0919-2092	9.19e+08	2092	0	0	2013	0	0	0	0
0919-2076	9.19e+08	2076	0	0	2013	0	0	0	0
0919-2060	9.19e+08	2060	0	0	2014	0	0	0	0
0919-2044	9.19e+08	2044	0	0	2015	0	0	0	0
0919-2028	9.19e+08	2028	0	0	2014	0	0	0	0
0919-2012	9.19e+08	2012	0	0	2017	0	0	0	0
0919-1996	9.19e+08	1996	0	0	-	0	0	0	0
0919-1980	9.19e+08	1980	0	0	-	0	0	0	0
0919-1964	9.19e+08	1964	0	0	2017	0	0	0	0
0919-1948	9.19e+08	1948	0	0	2016	0	0	0	0
0919-1932	9.19e+08	1932	0	0	-	0	0	0	0
0919-1916	9.19e+08	1916	0	0	-	0	0	0	0
0919-1900	9.19e+08	1900	0	0	-	0	0	0	0
0919-1884	9.19e+08	1884	0	0	-	0	0	0	0
0919-1868	9.19e+08	1868	0	0	-	0	0	0	0
0919-1852	9.19e+08	1852	0	0	-	0	0	0	0
0919-1836	9.19e+08	1836	0	0	-	0	0	0	0
0919-1820	9.19e+08	1820	0	0	-	0	0	0	0
0935-2460	9.35e+08	2460	20	40	2009	25	40	25	40
0935-2444	9.35e+08	2444	45	65	2008	45	65	45	65
0935-2428	9.35e+08	2428	37.5	57.5	2008	37.5	57.5	37.5	57.5
0935-2412	9.35e+08	2412	36.6666666666667	56.6666666666667	2009	10	50	10	50
0935-2396	9.35e+08	2396	0	20	2009	0	20	0	20
0935-2380	9.35e+08	2380	0	20	2009	0	20	0	20
0935-2364	9.35e+08	2364	50	70	2009	10	25	10	25
0935-2348	9.35e+08	2348	50	70	2009	40	65	40	65
0935-2332	9.35e+08	2332	40	60	2009	40	60	40	60
0935-2316	9.35e+08	2316	60	65	2009	25	65	25	65
0935-2300	9.35e+08	2300	60	60	2009	25	65	25	65
0935-2284	9.35e+08	2284	40	60	2009	40	60	40	60
0935-2268	9.35e+08	2268	30	50	2009	25	50	25	50
0935-2140	9.35e+08	2140	0	0	2013	0	0	0	0
0935-2124	9.35e+08	2124	0	0	2013	0	0	0	0
0935-2108	9.35e+08	2108	0	0	2016	0	0	0	0
0935-2092	9.35e+08	2092	0	0	2015	0	0	0	0
0935-2076	9.35e+08	2076	0	0	2014	0	0	0	0
0935-2060	9.35e+08	2060	0	0	2015	0	0	0	0
0935-2044	9.35e+08	2044	0	0	2016	0	0	0	0
0935-1996	9.35e+08	1996	0	0	-	0	0	0	0
0935-1980	9.35e+08	1980	0	0	-	0	0	0	0
0935-1964	9.35e+08	1964	0	0	2017	0	0	0	0
0935-1948	9.35e+08	1948	0	0	-	0	0	0	0
0935-1932	9.35e+08	1932	0	0	-	0	0	0	0
0935-1916	9.35e+08	1916	0	0	-	0	0	0	0
0935-1900	9.35e+08	1900	0	0	-	0	0	0	0
0935-1884	9.35e+08	1884	0	0	-	0	0	0	0
0935-1868	9.35e+08	1868	0	0	-	0	0	0	0
0935-1852	9.35e+08	1852	0	0	-	0	0	0	0
0935-1836	9.35e+08	1836	0	0	-	0	0	0	0
0935-1820	9.35e+08	1820	0	0	-	0	0	0	0
0951-2460	9.51e+08	2460	45	65	2010	25	40	25	40
0951-2444	9.51e+08	2444	45	65	2009	45	65	45	65
0951-2428	9.51e+08	2428	10	30	2009	10	30	10	30
0951-2412	9.51e+08	2412	0	20	2009	0	20	0	20
0951-2396	9.51e+08	2396	0	20	2009	0	20	0	20
0951-2380	9.51e+08	2380	20	40	2009	10	25	10	25
0951-2364	9.51e+08	2364	50	70	2009	40	65	40	65
0951-2348	9.51e+08	2348	40	60	2009	40	60	40	60
0951-2332	9.51e+08	2332	40	60	2009	25	30	25	30
0951-2316	9.51e+08	2316	40	60	2009	25	60	25	60
0951-2300	9.51e+08	2300	60	60	2008	60	60	60	60
0951-2076	9.51e+08	2076	0	0	2014	0	0	0	0
0951-2060	9.51e+08	2060	0	0	2016	0	0	0	0
0951-2044	9.51e+08	2044	0	0	2015	0	0	0	0
0951-1980	9.51e+08	1980	0	0	-	0	0	0	0
0951-1964	9.51e+08	1964	0	0	-	0	0	0	0
0951-1948	9.51e+08	1948	0	0	-	0	0	0	0
0951-1932	9.51e+08	1932	0	0	-	0	0	0	0
0951-1916	9.51e+08	1916	0	0	-	0	0	0	0
0951-1900	9.51e+08	1900	0	0	-	0	0	0	0
0951-1884	9.51e+08	1884	0	0	-	0	0	0	0
0951-1868	9.51e+08	1868	0	0	-	0	0	0	0
0951-1852	9.51e+08	1852	0	0	-	0	0	0	0
0967-2460	9.67e+08	2460	45	65	2008	25	40	25	40
0967-2444	9.67e+08	2444	45	65	2009	45	65	45	65
0967-2428	9.67e+08	2428	9.4	29.4	2009	9.4	29.4	9.4	29.4
0967-2412	9.67e+08	2412	0	20	2010	0	20	0	20
0967-2396	9.67e+08	2396	45	65	2009	45	65	45	65
0967-2380	9.67e+08	2380	45	65	2009	45	65	45	65
0967-2364	9.67e+08	2364	40	60	2009	40	60	40	60
0967-2348	9.67e+08	2348	40	60	2009	10	20	10	20
0967-2332	9.67e+08	2332	30	50	2009	10	20	10	20
0967-2316	9.67e+08	2316	40	60	2009	40	60	40	60
0967-2300	9.67e+08	2300	60	60	2009	60	60	60	60
0967-1916	9.67e+08	1916	0	0	-	0	0	0	0
0967-1900	9.67e+08	1900	0	0	-	0	0	0	0
0967-1884	9.67e+08	1884	0	0	-	0	0	0	0
0967-1868	9.67e+08	1868	0	0	-	0	0	0	0
0983-2444	9.83e+08	2444	20	40	2009	20	40	20	40
0983-2428	9.83e+08	2428	0	20	2010	0	20	0	20
0983-2412	9.83e+08	2412	0	20	2010	0	20	0	20
0983-2396	9.83e+08	2396	45	65	2008	45	65	45	65
0983-2380	9.83e+08	2380	45	65	2008	45	65	45	65
0983-1900	9.83e+08	1900	0	0	-	0	0	0	0
0983-1884	9.83e+08	1884	0	0	-	0	0	0	0
0999-2444	9.99e+08	2444	20	40	2009	20	40	20	40
0999-2428	9.99e+08	2428	11.6666666666667	31.6666666666667	2009	11.7	31.7	11.6666666666667	31.6666666666667
0999-1900	9.99e+08	1900	0	0	-	0	0	0	0
0999-1884	9.99e+08	1884	0	0	-	0	0	0	0
0071-2412	7.1e+07	2412	0	0	-	0	0	0	0
0071-2396	7.1e+07	2396	0	0	-	0	0	0	0
0071-2364	7.1e+07	2364	0	0	-	0	0	0	0
0087-2428	8.7e+07	2428	0	0	-	0	0	0	0
0087-2412	8.7e+07	2412	0	0	-	0	0	0	0
0087-2396	8.7e+07	2396	0	0	-	0	0	0	0
0087-2380	8.7e+07	2380	0	0	-	0	0	0	0
0087-2364	8.7e+07	2364	0	0	-	0	0	0	0
0087-2348	8.7e+07	2348	0	0	-	0	0	0	0
0103-2428	1.03e+08	2428	0	0	-	0	0	0	0
0103-2396	1.03e+08	2396	0	0	-	0	0	0	0
0103-2380	1.03e+08	2380	0	0	-	0	0	0	0
0103-2364	1.03e+08	2364	0	0	-	0	0	0	0
0103-2348	1.03e+08	2348	0	0	-	0	0	0	0
0103-2332	1.03e+08	2332	0	0	-	0	0	0	0
0119-2428	1.19e+08	2428	0	0	-	0	0	0	0
0119-2332	1.19e+08	2332	0	0	-	0	0	0	0
0135-2428	1.35e+08	2428	0	0	-	0	0	0	0
0135-2348	1.35e+08	2348	0	0	-	0	0	0	0
0135-2332	1.35e+08	2332	0	0	-	0	0	0	0
0151-2428	1.51e+08	2428	0	0	-	0	0	0	0
0151-2332	1.51e+08	2332	0	0	-	0	0	0	0
0167-2444	1.67e+08	2444	0	0	-	0	0	0	0
0167-2428	1.67e+08	2428	0	0	-	0	0	0	0
0167-2316	1.67e+08	2316	0	0	-	0	0	0	0
0167-2300	1.67e+08	2300	0	0	-	0	0	0	0
0183-2444	1.83e+08	2444	0	0	-	0	0	0	0
0183-2316	1.83e+08	2316	0	0	-	0	0	0	0
0183-2300	1.83e+08	2300	0	0	-	0	0	0	0
0183-2284	1.83e+08	2284	0	0	-	0	0	0	0
0183-2268	1.83e+08	2268	0	0	-	0	0	0	0
0199-2444	1.99e+08	2444	0	0	-	0	0	0	0
0199-2428	1.99e+08	2428	0	0	-	0	0	0	0
0199-2300	1.99e+08	2300	0	0	-	0	0	0	0
0199-2284	1.99e+08	2284	0	0	-	0	0	0	0
0199-2268	1.99e+08	2268	0	0	-	0	0	0	0
0215-2444	2.15e+08	2444	0	0	-	0	0	0	0
0215-2428	2.15e+08	2428	0	0	-	0	0	0	0
0215-2412	2.15e+08	2412	0	0	-	0	0	0	0
0215-2300	2.15e+08	2300	0	0	-	0	0	0	0
0215-2284	2.15e+08	2284	0	0	-	0	0	0	0
0215-2268	2.15e+08	2268	0	0	-	0	0	0	0
0231-2412	2.31e+08	2412	0	0	-	0	0	0	0
0231-2396	2.31e+08	2396	0	0	-	0	0	0	0
0231-2284	2.31e+08	2284	0	0	-	0	0	0	0
0231-2268	2.31e+08	2268	0	0	-	0	0	0	0
0231-2204	2.31e+08	2204	0	0	-	0	0	0	0
0247-2412	2.47e+08	2412	0	0	-	0	0	0	0
0247-2284	2.47e+08	2284	0	0	-	0	0	0	0
0247-2268	2.47e+08	2268	0	0	-	0	0	0	0
0247-2252	2.47e+08	2252	0	0	-	0	0	0	0
0247-2236	2.47e+08	2236	0	0	-	0	0	0	0
0247-2220	2.47e+08	2220	0	0	-	0	0	0	0
0247-2204	2.47e+08	2204	0	0	-	0	0	0	0
0263-2412	2.63e+08	2412	0	0	-	0	0	0	0
0263-2268	2.63e+08	2268	0	0	-	0	0	0	0
0263-2252	2.63e+08	2252	0	0	-	0	0	0	0
0263-2236	2.63e+08	2236	0	0	-	0	0	0	0
0263-2220	2.63e+08	2220	0	0	-	0	0	0	0
0263-2204	2.63e+08	2204	0	0	-	0	0	0	0
0263-1836	2.63e+08	1836	0	0	-	0	0	0	0
0263-1820	2.63e+08	1820	0	0	-	0	0	0	0
0279-2412	2.79e+08	2412	0	0	-	0	0	0	0
0279-2236	2.79e+08	2236	0	0	-	0	0	0	0
0279-2188	2.79e+08	2188	0	0	-	0	0	0	0
0279-2172	2.79e+08	2172	0	0	-	0	0	0	0
0279-1836	2.79e+08	1836	0	0	-	0	0	0	0
0279-1820	2.79e+08	1820	0	0	-	0	0	0	0
0295-2540	2.95e+08	2540	0	0	2014	0	0	0	0
0295-2524	2.95e+08	2524	0	0	2014	0	0	0	0
0295-2508	2.95e+08	2508	0	0	2015	0	0	0	0
0295-2492	2.95e+08	2492	0	0	2015	0	0	0	0
0295-2428	2.95e+08	2428	0	0	-	0	0	0	0
0295-2412	2.95e+08	2412	0	0	-	0	0	0	0
0295-2172	2.95e+08	2172	0	0	-	0	0	0	0
0295-2156	2.95e+08	2156	0	0	-	0	0	0	0
0295-2140	2.95e+08	2140	0	0	-	0	0	0	0
0295-1884	2.95e+08	1884	0	0	-	0	0	0	0
0295-1868	2.95e+08	1868	0	0	-	0	0	0	0
0295-1852	2.95e+08	1852	0	0	-	0	0	0	0
0295-1820	2.95e+08	1820	0	0	-	0	0	0	0
0295-1804	2.95e+08	1804	0	0	-	0	0	0	0
0295-1788	2.95e+08	1788	0	0	-	0	0	0	0
0311-2524	3.11e+08	2524	0	0	2014	0	0	0	0
0311-2492	3.11e+08	2492	0	0	2015	0	0	0	0
0311-2476	3.11e+08	2476	0	0	2012	0	0	0	0
0311-2460	3.11e+08	2460	0	0	-	0	0	0	0
0311-2444	3.11e+08	2444	0	0	-	0	0	0	0
0311-2428	3.11e+08	2428	0	0	-	0	0	0	0
0311-2412	3.11e+08	2412	0	0	-	0	0	0	0
0311-2156	3.11e+08	2156	0	0	-	0	0	0	0
0311-2140	3.11e+08	2140	0	0	-	0	0	0	0
0311-2124	3.11e+08	2124	0	0	-	0	0	0	0
0311-2108	3.11e+08	2108	0	0	-	0	0	0	0
0311-1980	3.11e+08	1980	0	0	-	0	0	0	0
0311-1964	3.11e+08	1964	0	0	-	0	0	0	0
0311-1948	3.11e+08	1948	0	0	-	0	0	0	0
0311-1932	3.11e+08	1932	0	0	-	0	0	0	0
0311-1916	3.11e+08	1916	0	0	-	0	0	0	0
0311-1900	3.11e+08	1900	0	0	-	0	0	0	0
0311-1804	3.11e+08	1804	0	0	-	0	0	0	0
0311-1788	3.11e+08	1788	0	0	-	0	0	0	0
0327-2524	3.27e+08	2524	0	0	2014	0	0	0	0
0327-2412	3.27e+08	2412	0	0	-	0	0	0	0
0327-2156	3.27e+08	2156	0	0	-	0	0	0	0
0327-2140	3.27e+08	2140	0	0	-	0	0	0	0
0327-2124	3.27e+08	2124	0	0	-	0	0	0	0
0327-2108	3.27e+08	2108	0	0	-	0	0	0	0
0327-2092	3.27e+08	2092	0	0	-	0	0	0	0
0327-2076	3.27e+08	2076	0	0	-	0	0	0	0
0327-2060	3.27e+08	2060	0	0	-	0	0	0	0
0327-2044	3.27e+08	2044	0	0	-	0	0	0	0
0327-2028	3.27e+08	2028	0	0	-	0	0	0	0
0327-2012	3.27e+08	2012	0	0	-	0	0	0	0
0327-1996	3.27e+08	1996	0	0	-	0	0	0	0
0327-1980	3.27e+08	1980	0	0	-	0	0	0	0
0327-1964	3.27e+08	1964	0	0	-	0	0	0	0
0327-1788	3.27e+08	1788	0	0	-	0	0	0	0
0327-1772	3.27e+08	1772	0	0	-	0	0	0	0
0343-2524	3.43e+08	2524	0	0	2014	0	0	0	0
0343-2508	3.43e+08	2508	0	0	2014	0	0	0	0
0343-2492	3.43e+08	2492	0	0	2015	0	0	0	0
0343-2124	3.43e+08	2124	0	0	-	0	0	0	0
0343-2108	3.43e+08	2108	0	0	-	0	0	0	0
0343-2076	3.43e+08	2076	0	0	-	0	0	0	0
0343-2060	3.43e+08	2060	0	0	-	0	0	0	0
0343-2044	3.43e+08	2044	0	0	-	0	0	0	0
0343-1772	3.43e+08	1772	0	0	-	0	0	0	0
0359-2492	3.59e+08	2492	0	0	2014	0	0	0	0
0359-2060	3.59e+08	2060	0	0	-	0	0	0	0
0359-2044	3.59e+08	2044	0	0	-	0	0	0	0
0359-2028	3.59e+08	2028	0	0	-	0	0	0	0
0359-2012	3.59e+08	2012	0	0	2017	0	0	0	0
0359-1772	3.59e+08	1772	0	0	-	0	0	0	0
0359-1756	3.59e+08	1756	0	0	-	0	0	0	0
0375-2492	3.75e+08	2492	0	0	2016	0	0	0	0
0375-1756	3.75e+08	1756	0	0	-	0	0	0	0
0391-2492	3.91e+08	2492	0	0	2016	0	0	0	0
0391-1756	3.91e+08	1756	0	0	-	0	0	0	0
0407-2492	4.07e+08	2492	0	0	2016	0	0	0	0
0407-2476	4.07e+08	2476	0	0	2016	0	0	0	0
0407-1756	4.07e+08	1756	0	0	-	0	0	0	0
0407-1740	4.07e+08	1740	0	0	-	0	0	0	0
0423-2476	4.23e+08	2476	0	0	2014	0	0	0	0
0423-1756	4.23e+08	1756	0	0	-	0	0	0	0
0423-1740	4.23e+08	1740	0	0	-	0	0	0	0
0439-2524	4.39e+08	2524	0	0	2013	0	0	0	0
0439-2492	4.39e+08	2492	0	0	2013	0	0	0	0
0439-1756	4.39e+08	1756	0	0	-	0	0	0	0
0439-1740	4.39e+08	1740	0	0	-	0	0	0	0
0455-2540	4.55e+08	2540	0	0	2013	0	0	0	0
0455-2524	4.55e+08	2524	0	0	2013	0	0	0	0
0455-2492	4.55e+08	2492	0	0	2013	0	0	0	0
0455-1756	4.55e+08	1756	0	0	-	0	0	0	0
0455-1740	4.55e+08	1740	0	0	-	0	0	0	0
0471-2540	4.71e+08	2540	0	0	2013	0	0	0	0
0471-1756	4.71e+08	1756	0	0	-	0	0	0	0
0471-1740	4.71e+08	1740	0	0	-	0	0	0	0
0487-2540	4.87e+08	2540	0	0	2012	0	0	0	0
0487-1756	4.87e+08	1756	0	0	-	0	0	0	0
0503-2540	5.03e+08	2540	0	0	2012	0	0	0	0
0503-1756	5.03e+08	1756	0	0	-	0	0	0	0
0503-1740	5.03e+08	1740	0	0	-	0	0	0	0
0519-2556	5.19e+08	2556	0	0	2012	0	0	0	0
0519-1740	5.19e+08	1740	0	0	-	0	0	0	0
0535-2572	5.35e+08	2572	0	0	2011	0	0	0	0
0535-2556	5.35e+08	2556	0	0	2011	0	0	0	0
0535-1740	5.35e+08	1740	0	0	-	0	0	0	0
0551-2636	5.51e+08	2636	0	0	2010	0	0	0	0
0551-2620	5.51e+08	2620	0	0	2010	0	0	0	0
0551-2604	5.51e+08	2604	0	0	2010	0	0	0	0
0551-2588	5.51e+08	2588	0	0	2011	0	0	0	0
0551-2572	5.51e+08	2572	0	0	2011	0	0	0	0
0551-1740	5.51e+08	1740	0	0	-	0	0	0	0
0551-1724	5.51e+08	1724	0	0	-	0	0	0	0
0567-1724	5.67e+08	1724	0	0	-	0	0	0	0
0567-1708	5.67e+08	1708	0	0	-	0	0	0	0
0583-1708	5.83e+08	1708	0	0	-	0	0	0	0
0599-1708	5.99e+08	1708	0	0	-	0	0	0	0
0615-1708	6.15e+08	1708	0	0	-	0	0	0	0
0631-1708	6.31e+08	1708	0	0	-	0	0	0	0
0647-1724	6.47e+08	1724	0	0	-	0	0	0	0
0647-1708	6.47e+08	1708	0	0	-	0	0	0	0
0663-1804	6.63e+08	1804	0	0	-	0	0	0	0
0663-1788	6.63e+08	1788	0	0	-	0	0	0	0
0663-1772	6.63e+08	1772	0	0	-	0	0	0	0
0663-1756	6.63e+08	1756	0	0	-	0	0	0	0
0663-1740	6.63e+08	1740	0	0	-	0	0	0	0
0663-1724	6.63e+08	1724	0	0	-	0	0	0	0
0663-1708	6.63e+08	1708	0	0	-	0	0	0	0
0679-2620	6.79e+08	2620	0	0	2011	0	0	0	0
0679-1804	6.79e+08	1804	0	0	-	0	0	0	0
0695-2620	6.95e+08	2620	0	0	2011	0	0	0	0
0695-1820	6.95e+08	1820	0	0	-	0	0	0	0
0695-1804	6.95e+08	1804	0	0	-	0	0	0	0
0711-1820	7.11e+08	1820	0	0	-	0	0	0	0
0727-1836	7.27e+08	1836	0	0	-	0	0	0	0
0743-1836	7.43e+08	1836	0	0	-	0	0	0	0
0759-1836	7.59e+08	1836	0	0	-	0	0	0	0
0775-2540	7.75e+08	2540	0	0	2011	0	0	0	0
0775-1836	7.75e+08	1836	0	0	-	0	0	0	0
0775-1820	7.75e+08	1820	0	0	-	0	0	0	0
0791-2572	7.91e+08	2572	0	0	-	0	0	0	0
0791-2556	7.91e+08	2556	0	0	-	0	0	0	0
0791-2540	7.91e+08	2540	0	0	2011	0	0	0	0
0791-1820	7.91e+08	1820	0	0	-	0	0	0	0
0807-2540	8.07e+08	2540	0	0	-	0	0	0	0
0807-2524	8.07e+08	2524	0	0	2011	0	0	0	0
0807-1820	8.07e+08	1820	0	0	-	0	0	0	0
0823-2508	8.23e+08	2508	0	0	2011	0	0	0	0
0823-1820	8.23e+08	1820	0	0	-	0	0	0	0
0839-2508	8.39e+08	2508	0	0	2011	0	0	0	0
0839-1820	8.39e+08	1820	0	0	-	0	0	0	0
0839-1804	8.39e+08	1804	0	0	-	0	0	0	0
0855-2508	8.55e+08	2508	0	0	2011	0	0	0	0
0855-1804	8.55e+08	1804	0	0	-	0	0	0	0
0871-2508	8.71e+08	2508	0	0	2011	0	0	0	0
0871-1804	8.71e+08	1804	0	0	-	0	0	0	0
0887-2508	8.87e+08	2508	0	0	2011	0	0	0	5
0887-2188	8.87e+08	2188	0	0	2012	0	0	0	0
0887-2172	8.87e+08	2172	0	0	2012	0	0	0	0
0887-2156	8.87e+08	2156	0	0	2012	0	0	0	0
0887-2140	8.87e+08	2140	0	0	2012	0	0	0	0
0887-1804	8.87e+08	1804	0	0	-	0	0	0	0
0887-1788	8.87e+08	1788	0	0	-	0	0	0	0
0903-2508	9.03e+08	2508	0	0	2011	0	0	0	1
0903-2492	9.03e+08	2492	0	0	2010	0	0	0	1
0903-2204	9.03e+08	2204	0	0	2011	0	0	0	0
0903-2188	9.03e+08	2188	0	0	2012	0	0	0	0
0903-2156	9.03e+08	2156	0	0	2013	0	0	0	0
0903-2140	9.03e+08	2140	0	0	2013	0	0	0	0
0903-1788	9.03e+08	1788	0	0	-	0	0	0	0
0919-2476	9.19e+08	2476	0	0	2011	0	0	0	5
0919-2236	9.19e+08	2236	0	2	2009	0	1	0	1
0919-2220	9.19e+08	2220	0	0	2009	0	1	0	1
0919-2204	9.19e+08	2204	0	0	2012	0	0	0	0
0919-1804	9.19e+08	1804	0	0	-	0	0	0	0
0919-1788	9.19e+08	1788	0	0	-	0	0	0	0
0935-2476	9.35e+08	2476	0	17.5	2009	5	17.5	5	17.5
0935-2252	9.35e+08	2252	5	25	2009	5	25	5	25
0935-2236	9.35e+08	2236	0	0	2009	0	1	0	1
0935-2172	9.35e+08	2172	0	0	2013	0	0	0	0
0935-2156	9.35e+08	2156	0	0	2013	0	0	0	0
0935-2028	9.35e+08	2028	0	0	2015	0	0	0	0
0935-2012	9.35e+08	2012	0	0	-	0	0	0	0
0935-1804	9.35e+08	1804	0	0	-	0	0	0	0
0935-1788	9.35e+08	1788	0	0	-	0	0	0	0
0951-2476	9.51e+08	2476	0	20	2010	5	20	5	20
0951-2284	9.51e+08	2284	60	60	2009	60	60	60	60
0951-2268	9.51e+08	2268	30	50	2009	30	50	30	50
0951-2252	9.51e+08	2252	5	25	2009	5	25	5	25
0951-2156	9.51e+08	2156	0	0	2013	0	0	0	0
0951-2140	9.51e+08	2140	0	0	2013	0	0	0	0
0951-2124	9.51e+08	2124	0	0	2013	0	0	0	0
0951-2108	9.51e+08	2108	0	0	2013	0	0	0	0
0951-2092	9.51e+08	2092	0	0	2015	0	0	0	0
0951-2028	9.51e+08	2028	0	0	2015	0	0	0	0
0951-2012	9.51e+08	2012	0	0	-	0	0	0	0
0951-1996	9.51e+08	1996	0	0	-	0	0	0	0
0951-1836	9.51e+08	1836	0	0	-	0	0	0	0
0951-1820	9.51e+08	1820	0	0	-	0	0	0	0
0951-1804	9.51e+08	1804	0	0	-	0	0	0	0
0967-2476	9.67e+08	2476	10	30	2009	10	30	10	30
0967-2284	9.67e+08	2284	60	60	2009	60	60	60	60
0967-2124	9.67e+08	2124	0	0	2013	0	0	0	0
0967-2108	9.67e+08	2108	0	0	2013	0	0	0	0
0967-2076	9.67e+08	2076	0	0	2014	0	0	0	0
0967-2060	9.67e+08	2060	0	0	2015	0	0	0	0
0967-2044	9.67e+08	2044	0	0	2015	0	0	0	0
0967-2028	9.67e+08	2028	0	0	2015	0	0	0	0
0967-1996	9.67e+08	1996	0	0	-	0	0	0	0
0967-1980	9.67e+08	1980	0	0	-	0	0	0	0
0967-1964	9.67e+08	1964	0	0	-	0	0	0	0
0967-1948	9.67e+08	1948	0	0	-	0	0	0	0
0967-1932	9.67e+08	1932	0	0	-	0	0	0	0
0967-1852	9.67e+08	1852	0	0	-	0	0	0	0
0967-1836	9.67e+08	1836	0	0	-	0	0	0	0
0983-2476	9.83e+08	2476	10	30	2009	10	30	10	30
0983-2460	9.83e+08	2460	20	40	2009	20	40	20	40
0983-2364	9.83e+08	2364	0	20	2009	5	20	5	20
0983-2348	9.83e+08	2348	0	20	2009	0	5	0	5
0983-2332	9.83e+08	2332	0	20	2009	0	5	0	5
0983-2316	9.83e+08	2316	40	60	2009	40	60	40	60
0983-2300	9.83e+08	2300	60	60	2009	60	60	60	60
0983-2284	9.83e+08	2284	60	60	2009	60	60	60	60
0983-2060	9.83e+08	2060	0	0	2015	0	0	0	0
0983-2044	9.83e+08	2044	0	0	-	0	0	0	0
0983-1980	9.83e+08	1980	0	0	-	0	0	0	0
0983-1932	9.83e+08	1932	0	0	-	0	0	0	0
0983-1916	9.83e+08	1916	0	0	-	0	0	0	0
0983-1868	9.83e+08	1868	0	0	-	0	0	0	0
0983-1852	9.83e+08	1852	0	0	-	0	0	0	0
0999-2460	9.99e+08	2460	20	40	2009	20	40	20	40
0999-2412	9.99e+08	2412	0	20	2009	0	20	0	20
0999-2396	9.99e+08	2396	0	20	2009	5	20	5	20
0999-2380	9.99e+08	2380	0	20	2009	5	20	5	20
0999-2364	9.99e+08	2364	0	20	2009	0	20	0	20
0999-2348	9.99e+08	2348	0	20	2009	0	5	0	5
0999-2300	9.99e+08	2300	60	60	2009	60	60	60	60
0999-1916	9.99e+08	1916	0	0	-	0	0	0	0
0999-1868	9.99e+08	1868	0	0	-	0	0	0	0
1015-2460	1.015e+09	2460	20	40	2009	20	40	20	40
1015-2444	1.015e+09	2444	0	20	2009	5	20	5	20
1015-2428	1.015e+09	2428	0	20	2009	5	20	5	20
1015-1916	1.015e+09	1916	0	0	-	0	0	0	0
1015-1900	1.015e+09	1900	0	0	-	0	0	0	0
1015-1884	1.015e+09	1884	0	0	-	0	0	0	0
1015-1868	1.015e+09	1868	0	0	-	0	0	0	0
1031-2460	1.031e+09	2460	0	12.5	2009	5	12.5	5	12.5
1031-2444	1.031e+09	2444	0	20	2009	5	20	5	20
1031-1916	1.031e+09	1916	0	0	-	0	0	0	0
1031-1900	1.031e+09	1900	0	0	-	0	0	0	0
0375-1788	3.75e+08	1788	0	0	-	0	0	0	0
0375-1804	3.75e+08	1804	0	0	-	0	0	0	0
0951-2172	9.51e+08	2172	0	0	2013	0	0	0	0
0919-2172	9.19e+08	2172	0	0	2013	0	0	0	0
0503-2556	5.03e+08	2556	0	0	2012	0	0	0	0
0631-2652	6.31e+08	2652	0	10	2011	0	10	0	10
0551-2668	5.51e+08	2668	0	0	2011	0	0	0	0
0999-2332	9.99e+08	2332	0	20	-	0	20	0	20
0919-2492	9.19e+08	2492	0	0	-	0	0	0	1
0823-2524	8.23e+08	2524	0	0	2011	0	0	0	0
0743-2572	7.43e+08	2572	0	0	2010	0	0	0	0
0439-2508	4.39e+08	2508	0	0	2013	0	0	0	0
0727-2604	7.27e+08	2604	0	0	2010	0	0	0	0
0711-2604	7.11e+08	2604	0	0	2010	0	0	0	0
0679-2604	6.79e+08	2604	0	10	2011	0	10	0	10
0695-2588	6.95e+08	2588	0	20	2010	0	20	0	20
0711-2556	7.11e+08	2556	0	0	2010	0	0	0	0
0839-2428	8.39e+08	2428	0	0	2010	0	0	0	0
0279-2364	2.79e+08	2364	0	0	2016	0	0	0	0
0343-2348	3.43e+08	2348	0	0	2016	0	0	0	0
0375-2348	3.75e+08	2348	0	0	2016	0	0	0	0
0375-2140	3.75e+08	2140	0	0	2016	0	0	0	0
0391-2348	3.91e+08	2348	0	0	2016	0	0	0	0
0455-2348	4.55e+08	2348	0	0	2016	0	0	0	0
0455-2204	4.55e+08	2204	0	0	2016	0	0	0	0
0455-2156	4.55e+08	2156	0	0	2016	0	0	0	0
0311-2460	3.11e+08	2460	0	0	2016	0	0	0	0